0 52 77 9 26 62 81 30 63 29 41 77 62 70 74 82 39 44 57 65 31 63 87 91 53 57 36 34 54 71 102 30 69 102 73 81 60 61 75 88 35 36 70 107 60 93 103 110 65 95 50 85 86 112 117 118 57 63 55 83 103 114 111 129 130 131 74 79 82 112 130 133 79 89 101 132 82 83 92 136 123 133 140 144 77 106 76 124 103 105 136 85 101 109 113 114 118 119 110 112 117
52 0 27 51 34 12 31 32 13 33 21 27 12 20 24 32 39 36 23 15 51 19 37 41 35 31 60 66 46 29 52 72 33 52 33 31 48 47 35 38 79 78 46 57 60 43 53 60 71 45 92 57 56 62 67 68 97 91 99 77 55 64 61 79 80 81 92 87 84 62 80 83 91 83 71 82 94 93 86 86 73 83 90 94 107 78 112 74 87 85 86 111 95 87 83 82 78 77 92 90 85
77 27 0 76 59 21 10 55 20 56 44 12 33 29 25 17 62 59 46 38 74 42 18 16 58 54 83 89 69 52 27 95 56 27 56 48 71 70 58 45 102 101 69 32 83 60 54 47 94 64 115 80 79 53 48 53 120 114 122 100 78 69 78 58 57 56 115 110 107 77 59 58 114 106 94 63 117 116 109 63 78 68 65 69 130 101 135 87 110 108 77 134 118 110 106 105 101 100 115 113 108
9 51 76 0 23 59 78 23 58 22 34 70 55 63 67 75 32 37 50 58 24 56 80 84 46 50 29 27 47 64 95 25 62 95 66 74 53 54 68 81 32 31 63 100 53 86 96 103 58 88 49 78 79 105 110 111 54 56 54 76 96 107 104 122 123 124 67 72 75 105 123 126 72 82 94 125 75 76 85 129 116 126 133 137 70 99 69 117 96 98 129 78 94 102 106 107 111 112 103 105 110
26 34 59 23 0 42 61 6 41 5 17 53 38 46 50 58 15 20 33 41 21 39 63 67 29 33 30 36 30 47 78 42 45 78 49 57 36 37 51 64 49 48 46 83 36 69 79 86 45 71 62 61 62 88 93 94 67 61 69 59 79 90 87 105 106 107 62 59 60 88 106 109 61 65 77 108 64 63 68 112 99 109 116 120 77 82 82 100 79 81 112 81 77 85 89 90 94 95 86 88 93
62 12 21 59 42 0 23 38 1 39 27 15 16 12 12 20 45 42 29 21 57 25 25 29 41 37 66 72 52 35 40 78 39 40 39 31 54 53 41 28 85 84 52 45 66 43 41 48 77 47 98 63 62 50 55 56 103 97 105 83 61 56 61 67 68 69 98 93 90 60 68 71 97 89 77 70 100 99 92 74 65 71 78 82 113 84 118 70 93 91 74 117 101 93 89 88 84 83 98 96 91
81 31 10 78 61 23 0 57 22 58 46 14 35 31 27 19 64 61 48 40 76 44 20 16 60 56 85 91 71 54 23 97 58 25 58 50 73 72 60 47 104 103 71 34 85 62 56 49 96 66 117 82 81 55 50 55 122 116 124 102 80 71 80 60 59 58 117 112 109 79 61 60 116 108 96 65 119 118 111 65 80 70 67 69 132 103 137 89 112 110 79 136 120 112 108 107 103 102 117 115 110
30 32 55 23 6 38 57 0 37 3 13 49 34 42 46 54 11 16 29 37 21 35 59 63 25 29 30 36 26 43 74 42 41 74 45 53 32 33 47 60 49 48 42 79 32 65 75 82 43 67 62 57 58 84 89 90 67 61 69 55 75 86 83 101 102 103 62 59 56 84 102 105 61 61 73 104 64 63 64 108 95 105 112 116 77 78 82 96 75 77 108 81 73 81 85 86 90 91 82 84 89
63 13 20 58 41 1 22 37 0 38 26 14 15 11 11 19 44 41 28 20 56 24 24 28 40 36 65 71 51 34 39 77 38 39 38 30 53 52 40 27 84 83 51 44 65 42 40 47 76 46 97 62 61 49 54 55 102 96 104 82 60 55 60 66 67 68 97 92 89 59 67 70 96 88 76 69 99 98 91 73 64 70 77 81 112 83 117 69 92 90 73 116 100 92 88 87 83 82 97 95 90
29 33 56 22 5 39 58 3 38 0 14 50 35 43 47 55 12 17 30 38 18 36 60 64 26 30 27 33 27 44 75 39 42 75 46 54 33 34 48 61 46 45 43 80 33 66 76 83 42 68 59 58 59 85 90 91 64 58 66 56 76 87 84 102 103 104 59 56 57 85 103 106 58 62 74 105 61 60 65 109 96 106 113 117 74 79 79 97 76 78 109 78 74 82 86 87 91 92 83 85 90
41 21 44 34 17 27 46 13 26 14 0 38 23 31 35 43 18 15 18 26 30 24 48 52 14 18 39 45 25 32 63 51 30 63 34 42 27 26 36 49 58 57 31 68 39 54 64 71 50 56 71 46 47 73 78 79 76 70 78 56 64 75 72 90 91 92 71 66 63 73 91 94 70 62 62 93 73 72 65 97 84 94 101 105 86 67 91 85 68 70 97 90 74 72 74 75 79 80 75 75 78
77 27 12 70 53 15 14 49 14 50 38 0 23 19 15 7 52 49 36 28 64 32 12 16 48 44 73 79 59 42 27 85 46 27 46 38 61 60 48 35 92 91 59 32 73 50 44 37 84 54 105 70 69 43 44 45 110 104 112 90 68 59 68 56 55 56 105 100 97 67 57 58 104 96 84 59 107 106 99 61 68 60 65 69 120 91 125 77 100 98 67 124 108 100 96 95 91 90 105 103 98
62 12 33 55 38 16 35 34 15 35 23 23 0 10 14 22 31 28 13 5 41 9 27 31 25 21 50 56 36 19 42 62 23 42 23 21 38 37 25 28 69 68 36 47 50 33 43 50 61 35 82 47 46 52 57 58 87 81 89 67 45 54 51 69 70 71 82 77 74 52 70 73 81 73 61 72 84 83 76 76 63 73 80 84 97 68 102 64 77 75 76 101 85 77 73 72 68 67 82 80 75
70 20 29 63 46 12 31 42 11 43 31 19 10 0 10 18 39 34 19 11 47 15 19 23 31 27 56 62 42 25 34 68 29 34 29 21 44 43 31 20 75 74 42 39 56 33 35 42 67 37 88 53 52 44 49 50 93 87 95 73 51 48 51 61 62 63 88 83 80 50 62 65 87 79 67 64 90 89 82 68 57 65 72 76 103 74 108 60 83 81 68 107 91 83 79 78 74 73 88 86 81
74 24 25 67 50 12 27 46 11 47 35 15 14 10 0 14 43 38 23 15 51 19 15 19 35 31 60 66 46 29 30 72 33 30 33 25 48 47 35 22 79 78 46 35 60 37 31 38 71 41 92 57 56 40 45 46 97 91 99 77 55 46 55 57 58 59 92 87 84 54 58 61 91 83 71 60 94 93 86 64 55 61 68 72 107 78 112 64 87 85 64 111 95 87 83 82 78 77 92 90 85
82 32 17 75 58 20 19 54 19 55 43 7 22 18 14 0 51 46 31 23 59 27 7 11 43 39 68 74 54 37 22 80 41 22 41 33 56 55 43 30 87 86 54 27 68 45 39 32 79 49 100 65 64 38 39 40 105 99 107 85 63 54 63 51 50 51 100 95 92 62 52 53 99 91 79 54 102 101 94 56 63 55 60 64 115 86 120 72 95 93 62 119 103 95 91 90 86 85 100 98 93
39 39 62 32 15 45 64 11 44 12 18 52 31 39 43 51 0 7 22 30 14 26 50 54 16 20 23 29 17 34 65 35 32 65 36 44 23 24 38 51 42 41 33 70 23 56 66 73 34 58 55 48 49 75 80 81 60 54 62 46 66 77 74 92 93 94 55 50 47 75 93 96 54 52 64 95 57 56 55 99 86 96 103 107 70 69 75 87 66 68 99 74 64 72 76 77 81 82 73 75 80
44 36 59 37 20 42 61 16 41 17 15 49 28 34 38 46 7 0 17 25 15 21 45 49 11 15 24 30 12 29 60 36 27 60 31 39 18 19 33 46 43 42 28 65 24 51 61 68 35 53 56 43 44 70 75 76 61 55 63 45 61 72 69 87 88 89 56 51 48 70 88 91 55 51 59 90 58 57 54 94 81 91 98 102 71 64 76 82 61 63 94 75 63 67 71 72 76 77 68 70 75
57 23 46 50 33 29 48 29 28 30 18 36 13 19 23 31 22 17 0 10 30 6 30 34 14 10 39 45 25 14 45 51 14 45 16 24 27 26 18 31 58 57 25 50 39 36 46 53 50 38 71 38 37 55 60 61 76 70 78 56 46 57 54 72 73 74 71 66 63 55 73 76 70 62 52 75 73 72 65 79 66 76 83 87 86 59 91 67 66 64 79 90 74 66 64 63 63 64 71 69 66
65 15 38 58 41 21 40 37 20 38 26 28 5 11 15 23 30 25 10 0 38 6 22 26 22 18 47 53 33 16 37 59 20 37 20 16 35 34 22 23 66 65 33 42 47 28 38 45 58 32 79 44 43 47 52 53 84 78 86 64 42 49 48 64 65 66 79 74 71 49 65 68 78 70 58 67 81 80 73 71 58 68 75 79 94 65 99 59 74 72 71 98 82 74 70 69 65 64 79 77 72
31 51 74 24 21 57 76 21 56 18 30 64 41 47 51 59 14 15 30 38 0 34 58 62 24 28 9 15 25 42 73 21 40 73 44 52 31 32 46 59 28 27 41 78 31 64 74 81 36 66 41 56 57 83 88 89 46 40 48 54 74 85 82 100 101 102 45 50 53 83 101 104 50 60 72 103 53 54 63 107 94 104 111 115 56 77 61 95 74 76 107 60 72 80 84 85 89 90 81 83 88
63 19 42 56 39 25 44 35 24 36 24 32 9 15 19 27 26 21 6 6 34 0 26 30 18 14 41 47 27 10 41 53 14 41 14 20 29 28 16 27 60 59 27 46 41 32 42 49 52 34 73 38 37 51 56 57 78 72 80 58 42 53 50 68 69 70 73 68 65 51 69 72 72 64 52 71 75 74 67 75 62 72 79 83 88 59 93 63 68 66 75 92 76 68 64 63 61 62 73 71 66
87 37 18 80 63 25 20 59 24 60 48 12 27 19 15 7 50 45 30 22 58 26 0 6 42 38 65 71 51 34 17 77 38 17 38 30 53 52 40 27 84 83 51 22 65 42 36 29 76 46 97 62 61 35 36 37 102 96 104 82 60 51 60 46 45 46 97 92 89 59 47 48 96 88 76 51 99 98 91 51 60 52 55 59 112 83 117 69 92 90 59 116 100 92 88 87 83 82 97 95 90
91 41 16 84 67 29 16 63 28 64 52 16 31 23 19 11 54 49 34 26 62 30 6 0 46 42 69 75 55 38 13 81 42 13 42 34 57 56 44 31 88 87 55 18 69 46 40 33 80 50 101 66 65 39 34 39 106 100 108 86 64 55 64 44 43 42 101 96 93 63 45 44 100 92 80 49 103 102 95 49 64 54 51 55 116 87 121 73 96 94 63 120 104 96 92 91 87 86 101 99 94
53 35 58 46 29 41 60 25 40 26 14 48 25 31 35 43 16 11 14 22 24 18 42 46 0 10 27 33 13 20 51 39 18 51 22 30 15 14 24 37 46 45 19 56 27 42 52 59 38 44 59 34 35 61 66 67 64 58 66 44 52 63 60 78 79 80 59 54 51 61 79 82 58 50 50 81 61 60 53 85 72 82 89 93 74 55 79 73 56 58 85 78 62 60 62 63 67 68 63 63 66
57 31 54 50 33 37 56 29 36 30 18 44 21 27 31 39 20 15 10 18 28 14 38 42 10 0 31 37 17 16 47 43 14 47 18 26 19 18 20 33 50 49 17 52 31 38 48 55 42 40 63 30 31 57 62 63 68 62 70 48 48 59 56 74 75 76 63 58 55 57 75 78 62 54 46 77 65 64 57 81 68 78 85 89 78 51 83 69 58 56 81 82 66 58 58 59 63 64 63 61 62
36 60 83 29 30 66 85 30 65 27 39 73 50 56 60 68 23 24 39 47 9 41 65 69 27 31 0 10 20 39 68 14 35 68 39 47 26 27 41 54 21 20 36 73 26 59 69 76 31 61 34 51 52 78 83 84 39 33 41 49 69 80 77 95 96 97 40 45 48 78 96 99 45 55 67 98 48 49 58 102 89 99 106 110 49 72 54 90 69 71 102 53 67 75 79 80 84 85 76 78 83
34 66 89 27 36 72 91 36 71 33 45 79 56 62 66 74 29 30 45 53 15 47 71 75 33 37 10 0 22 41 70 6 37 70 41 49 28 29 43 56 13 12 38 75 28 61 71 78 33 63 28 53 54 80 85 86 33 33 35 51 71 82 79 97 98 99 42 47 50 80 98 101 47 57 69 100 50 51 60 104 91 101 108 112 47 74 48 92 71 73 104 55 69 77 81 82 86 87 78 80 85
54 46 69 47 30 52 71 26 51 27 25 59 36 42 46 54 17 12 25 33 25 27 51 55 13 17 20 22 0 21 50 26 17 50 21 29 8 9 23 36 33 32 18 55 14 41 51 58 25 43 46 33 34 60 65 66 51 45 53 35 51 62 59 77 78 79 46 41 38 60 78 81 45 41 49 80 48 47 44 84 71 81 88 92 61 54 66 72 51 53 84 65 53 57 61 62 66 67 58 60 65
71 29 52 64 47 35 54 43 34 44 32 42 19 25 29 37 34 29 14 16 42 10 34 38 20 16 39 41 21 0 31 45 6 31 6 10 21 20 8 17 52 51 19 36 33 22 32 39 44 24 65 30 29 41 46 47 70 64 72 50 32 43 40 58 59 60 65 60 57 41 59 62 64 56 44 61 67 66 59 65 52 62 69 73 80 51 85 53 60 58 65 84 68 60 56 55 53 54 65 63 58
102 52 27 95 78 40 23 74 39 75 63 27 42 34 30 22 65 60 45 37 73 41 17 13 51 47 68 70 50 31 0 74 35 2 35 27 50 49 37 24 81 80 48 11 62 39 33 26 73 43 94 59 58 32 27 32 99 93 101 79 57 48 57 37 36 35 94 89 86 56 38 37 93 85 73 42 96 95 88 42 57 47 44 48 109 80 114 66 89 87 56 113 97 89 85 84 80 79 94 92 87
30 72 95 25 42 78 97 42 77 39 51 85 62 68 72 80 35 36 51 59 21 53 77 81 39 43 14 6 26 45 74 0 41 74 45 53 32 33 45 60 9 8 40 77 30 63 73 80 35 65 26 55 56 82 87 88 31 33 31 53 73 84 81 99 100 101 44 49 52 82 100 103 49 59 71 102 52 53 62 106 93 103 110 114 47 76 46 94 73 75 106 55 71 79 83 84 88 89 80 82 87
69 33 56 62 45 39 58 41 38 42 30 46 23 29 33 41 32 27 14 20 40 14 38 42 18 14 35 37 17 6 35 41 0 35 6 14 17 16 8 21 46 45 13 40 27 26 36 43 38 28 59 26 25 45 50 51 64 58 66 44 36 47 44 62 63 64 59 54 51 45 63 66 58 50 40 65 61 60 53 69 56 66 73 77 74 47 79 57 54 52 69 78 62 54 52 51 51 52 59 57 54
102 52 27 95 78 40 25 74 39 75 63 27 42 34 30 22 65 60 45 37 73 41 17 13 51 47 68 70 50 31 2 74 35 0 35 27 50 49 37 24 81 80 48 11 62 39 33 26 73 43 94 59 58 32 27 32 99 93 101 79 57 48 57 37 36 35 94 89 86 56 38 37 93 85 73 42 96 95 88 42 57 47 44 46 109 80 114 66 89 87 56 113 97 89 85 84 80 79 94 92 87
73 33 56 66 49 39 58 45 38 46 34 46 23 29 33 41 36 31 16 20 44 14 38 42 22 18 39 41 21 6 35 45 6 35 0 14 19 18 4 19 48 47 15 36 29 22 32 39 40 24 61 26 25 41 46 47 66 60 68 46 32 43 40 58 59 60 61 56 53 41 59 62 60 52 40 61 63 62 55 65 52 62 69 73 76 47 81 53 56 54 65 80 64 56 52 51 49 50 61 59 54
81 31 48 74 57 31 50 53 30 54 42 38 21 21 25 33 44 39 24 16 52 20 30 34 30 26 47 49 29 10 27 53 14 27 14 0 27 26 14 11 56 55 23 28 37 14 24 31 48 22 69 34 33 33 38 39 74 68 76 54 32 35 36 50 51 52 69 64 61 35 51 54 68 60 48 53 71 70 63 57 44 54 61 65 84 55 89 45 64 62 57 88 72 64 60 59 55 54 69 67 62
60 48 71 53 36 54 73 32 53 33 27 61 38 44 48 56 23 18 27 35 31 29 53 57 15 19 26 28 8 21 50 32 17 50 19 27 0 1 15 30 31 30 10 47 12 33 43 50 23 35 44 25 26 52 57 58 49 43 51 31 43 54 51 69 70 71 44 39 36 52 70 73 43 37 41 72 46 45 40 76 63 73 80 84 59 46 64 64 45 47 76 63 49 51 53 54 58 59 52 54 57
61 47 70 54 37 53 72 33 52 34 26 60 37 43 47 55 24 19 26 34 32 28 52 56 14 18 27 29 9 20 49 33 16 49 18 26 1 0 14 29 32 31 9 46 13 32 42 49 24 34 45 24 25 51 56 57 50 44 52 32 42 53 50 68 69 70 45 40 37 51 69 72 44 38 40 71 47 46 41 75 62 72 79 83 60 45 65 63 44 46 75 64 50 50 52 53 57 58 51 53 56
75 35 58 68 51 41 60 47 40 48 36 48 25 31 35 43 38 33 18 22 46 16 40 44 24 20 41 43 23 8 37 45 8 37 4 14 15 14 0 17 44 43 11 34 25 20 30 37 36 22 57 24 23 39 44 45 62 56 64 42 30 41 38 56 57 58 57 52 49 39 57 60 56 48 38 59 59 58 51 63 50 60 67 71 72 45 77 51 52 50 63 76 60 52 50 49 47 48 57 55 52
88 38 45 81 64 28 47 60 27 61 49 35 28 20 22 30 51 46 31 23 59 27 27 31 37 33 54 56 36 17 24 60 21 24 19 11 30 29 17 0 59 58 26 19 40 17 15 22 51 21 72 37 36 24 29 30 77 71 79 57 35 30 35 41 42 43 72 67 64 34 42 45 71 63 51 44 74 73 66 48 39 45 52 56 87 58 92 44 67 65 48 91 75 67 63 62 58 57 72 70 65
35 79 102 32 49 85 104 49 84 46 58 92 69 75 79 87 42 43 58 66 28 60 84 88 46 50 21 13 33 52 81 9 46 81 48 56 31 32 44 59 0 1 39 76 25 58 68 75 30 60 17 50 51 77 82 83 24 28 22 48 68 79 76 94 95 96 39 44 47 77 95 98 44 54 66 97 47 48 57 101 88 98 105 109 42 71 41 89 68 70 101 50 66 74 78 79 83 84 75 77 82
36 78 101 31 48 84 103 48 83 45 57 91 68 74 78 86 41 42 57 65 27 59 83 87 45 49 20 12 32 51 80 8 45 80 47 55 30 31 43 58 1 0 38 75 24 57 67 74 29 59 18 49 50 76 81 82 25 27 23 47 67 78 75 93 94 95 38 43 46 76 94 97 43 53 65 96 46 47 56 100 87 97 104 108 41 70 40 88 67 69 100 49 65 73 77 78 82 83 74 76 81
70 46 69 63 46 52 71 42 51 43 31 59 36 42 46 54 33 28 25 33 41 27 51 55 19 17 36 38 18 19 48 40 13 48 15 23 10 9 11 26 39 38 0 43 18 25 35 42 27 27 48 17 18 44 49 50 53 47 55 33 35 46 43 61 62 63 48 43 40 44 62 65 47 39 33 64 50 49 42 68 55 65 72 76 63 38 68 56 43 41 68 67 51 43 45 46 50 51 48 46 49
107 57 32 100 83 45 34 79 44 80 68 32 47 39 35 27 70 65 50 42 78 46 22 18 56 52 73 75 55 36 11 77 40 11 36 28 47 46 34 19 76 75 43 0 55 30 24 17 64 34 85 50 49 23 18 23 90 84 92 70 48 39 48 28 27 26 85 80 77 47 29 28 84 76 64 33 87 86 79 33 48 38 35 39 100 71 105 57 80 78 47 104 88 80 76 75 71 70 85 83 78
60 60 83 53 36 66 85 32 65 33 39 73 50 56 60 68 23 24 39 47 31 41 65 69 27 31 26 28 14 33 62 30 27 62 29 37 12 13 25 40 25 24 18 55 0 35 45 52 13 37 32 27 28 54 59 60 37 31 39 25 45 56 53 71 72 73 32 29 26 54 72 75 31 31 43 74 34 33 34 78 65 75 82 86 47 48 52 66 45 47 78 51 43 51 55 56 60 61 52 54 59
93 43 60 86 69 43 62 65 42 66 54 50 33 33 37 45 56 51 36 28 64 32 42 46 42 38 59 61 41 22 39 63 26 39 22 14 33 32 20 17 58 57 25 30 35 0 12 19 36 10 57 22 21 21 26 27 62 56 64 42 20 23 24 38 39 40 57 52 49 23 39 42 56 48 36 41 59 58 51 45 32 42 49 53 72 43 77 33 52 50 45 76 60 52 48 47 43 42 57 55 50
103 53 54 96 79 41 56 75 40 76 64 44 43 35 31 39 66 61 46 38 74 42 36 40 52 48 69 71 51 32 33 73 36 33 32 24 43 42 30 15 68 67 35 24 45 12 0 11 40 10 61 26 25 11 16 17 66 60 68 46 24 17 24 28 29 30 61 56 53 23 29 32 60 52 40 31 63 62 55 35 26 32 39 43 76 47 81 33 56 54 35 80 64 56 52 51 47 46 61 59 54
110 60 47 103 86 48 49 82 47 83 71 37 50 42 38 32 73 68 53 45 81 49 29 33 59 55 76 78 58 39 26 80 43 26 39 31 50 49 37 22 75 74 42 17 52 19 11 0 49 19 70 35 34 8 9 10 75 69 77 55 33 24 33 21 20 21 70 65 62 32 22 23 69 61 49 24 72 71 64 26 33 25 30 34 85 56 90 42 65 63 32 89 73 65 61 60 56 55 70 68 63
65 71 94 58 45 77 96 43 76 42 50 84 61 67 71 79 34 35 50 58 36 52 76 80 38 42 31 33 25 44 73 35 38 73 40 48 23 24 36 51 30 29 27 64 13 36 40 49 0 32 23 22 23 49 54 55 28 22 30 20 40 51 48 66 67 68 23 20 21 49 67 70 22 26 38 69 25 24 29 73 60 70 77 81 38 43 43 61 40 42 73 42 38 46 50 51 55 56 47 49 54
95 45 64 88 71 47 66 67 46 68 56 54 35 37 41 49 58 53 38 32 66 34 46 50 44 40 61 63 43 24 43 65 28 43 24 22 35 34 22 21 60 59 27 34 37 10 10 19 32 0 53 18 17 19 24 25 58 52 60 38 16 21 22 36 37 38 53 48 45 21 37 40 52 44 32 39 55 54 47 43 30 40 47 51 68 39 73 31 48 46 43 72 56 48 44 43 39 38 53 51 46
50 92 115 49 62 98 117 62 97 59 71 105 82 88 92 100 55 56 71 79 41 73 97 101 59 63 34 28 46 65 94 26 59 94 61 69 44 45 57 72 17 18 48 85 32 57 61 70 23 53 0 37 38 64 69 70 13 15 11 35 55 66 63 81 82 83 26 31 34 64 82 85 31 41 53 84 34 35 44 88 75 85 92 96 29 58 28 76 55 57 88 37 53 61 65 66 70 71 62 64 69
85 57 80 78 61 63 82 57 62 58 46 70 47 53 57 65 48 43 38 44 56 38 62 66 34 30 51 53 33 30 59 55 26 59 26 34 25 24 24 37 50 49 17 50 27 22 26 35 22 18 37 0 1 29 34 35 40 34 42 20 20 31 28 46 47 48 35 30 27 29 47 50 34 26 18 49 37 36 29 53 40 50 57 61 50 23 55 41 30 28 53 54 38 30 30 31 35 36 35 33 34
86 56 79 79 62 62 81 58 61 59 47 69 46 52 56 64 49 44 37 43 57 37 61 65 35 31 52 54 34 29 58 56 25 58 25 33 26 25 23 36 51 50 18 49 28 21 25 34 23 17 38 1 0 28 33 34 41 35 43 21 19 30 27 45 46 47 36 31 28 28 46 49 35 27 19 48 38 37 30 52 39 49 56 60 51 24 56 40 31 29 52 55 39 31 31 32 34 35 36 34 35
112 62 53 105 88 50 55 84 49 85 73 43 52 44 40 38 75 70 55 47 83 51 35 39 61 57 78 80 60 41 32 82 45 32 41 33 52 51 39 24 77 76 44 23 54 21 11 8 49 19 64 29 28 0 7 6 69 63 71 49 27 18 27 17 18 19 64 59 56 26 18 21 63 55 43 20 66 65 58 24 27 21 28 32 79 50 84 36 59 57 26 83 67 59 55 54 50 49 64 62 57
117 67 48 110 93 55 50 89 54 90 78 44 57 49 45 39 80 75 60 52 88 56 36 34 66 62 83 85 65 46 27 87 50 27 46 38 57 56 44 29 82 81 49 18 59 26 16 9 54 24 69 34 33 7 0 9 74 68 76 54 32 23 32 16 15 16 69 64 61 31 17 18 68 60 48 21 71 70 63 21 32 24 25 29 84 55 89 41 64 62 31 88 72 64 60 59 55 54 69 67 62
118 68 53 111 94 56 55 90 55 91 79 45 58 50 46 40 81 76 61 53 89 57 37 39 67 63 84 86 66 47 32 88 51 32 47 39 58 57 45 30 83 82 50 23 60 27 17 10 55 25 70 35 34 6 9 0 67 61 69 47 25 16 25 13 14 15 62 57 54 24 14 17 61 53 41 16 64 63 56 20 25 17 24 28 77 48 82 34 57 55 24 81 65 57 53 52 48 47 62 60 55
57 97 120 54 67 103 122 67 102 64 76 110 87 93 97 105 60 61 76 84 46 78 102 106 64 68 39 33 51 70 99 31 64 99 66 74 49 50 62 77 24 25 53 90 37 62 66 75 28 58 13 40 41 69 74 67 0 8 4 28 48 59 56 74 75 76 19 24 27 57 75 78 24 34 46 77 27 28 37 81 68 78 85 89 22 51 21 69 48 50 81 30 46 54 58 59 63 64 55 57 62
63 91 114 56 61 97 116 61 96 58 70 104 81 87 91 99 54 55 70 78 40 72 96 100 58 62 33 33 45 64 93 33 58 93 60 68 43 44 56 71 28 27 47 84 31 56 60 69 22 52 15 34 35 63 68 61 8 0 10 22 42 53 50 68 69 70 13 18 21 51 69 72 18 28 40 71 21 22 31 75 62 72 79 83 22 45 23 63 42 44 75 26 40 48 52 53 57 58 49 51 56
55 99 122 54 69 105 124 69 104 66 78 112 89 95 99 107 62 63 78 86 48 80 104 108 66 70 41 35 53 72 101 31 66 101 68 76 51 52 64 79 22 23 55 92 39 64 68 77 30 60 11 42 43 71 76 69 4 10 0 30 50 61 58 76 77 78 21 26 29 59 77 80 26 36 48 79 29 30 39 83 70 80 87 91 24 53 23 71 50 52 83 32 48 56 60 61 65 66 57 59 64
83 77 100 76 59 83 102 55 82 56 56 90 67 73 77 85 46 45 56 64 54 58 82 86 44 48 49 51 35 50 79 53 44 79 46 54 31 32 42 57 48 47 33 70 25 42 46 55 20 38 35 20 21 49 54 47 28 22 30 0 22 33 30 48 49 50 17 12 9 31 49 52 16 12 20 51 19 18 15 55 42 52 59 63 32 25 37 43 22 24 55 36 24 28 32 33 37 38 29 31 36
103 55 78 96 79 61 80 75 60 76 64 68 45 51 55 63 66 61 46 42 74 42 60 64 52 48 69 71 51 32 57 73 36 57 32 32 43 42 30 35 68 67 35 48 45 20 24 33 40 16 55 20 19 27 32 25 48 42 50 22 0 13 10 28 29 30 37 32 29 11 29 32 36 28 16 31 39 38 31 35 22 32 39 43 52 23 57 23 32 30 35 56 40 32 28 27 25 24 37 35 30
114 64 69 107 90 56 71 86 55 87 75 59 54 48 46 54 77 72 57 49 85 53 51 55 63 59 80 82 62 43 48 84 47 48 43 35 54 53 41 30 79 78 46 39 56 23 17 24 51 21 66 31 30 18 23 16 59 53 61 33 13 0 11 17 18 19 48 43 40 10 18 21 47 39 27 20 50 49 42 24 15 21 28 32 63 34 68 20 43 41 24 67 51 43 39 38 34 33 48 46 41
111 61 78 104 87 61 80 83 60 84 72 68 51 51 55 63 74 69 54 48 82 50 60 64 60 56 77 79 59 40 57 81 44 57 40 36 51 50 38 35 76 75 43 48 53 24 24 33 48 22 63 28 27 27 32 25 56 50 58 30 10 11 0 20 21 24 39 34 31 3 21 24 38 30 18 23 41 40 33 27 14 24 31 35 54 25 59 15 34 32 27 58 42 34 30 29 25 24 39 37 32
129 79 58 122 105 67 60 101 66 102 90 56 69 61 57 51 92 87 72 64 100 68 46 44 78 74 95 97 77 58 37 99 62 37 58 50 69 68 56 41 94 93 61 28 71 38 28 21 66 36 81 46 45 17 16 13 74 68 76 48 28 17 20 0 1 4 57 52 49 19 3 6 56 48 36 9 59 58 51 9 20 12 13 17 72 43 77 29 52 50 19 76 60 52 48 47 43 42 57 55 50
130 80 57 123 106 68 59 102 67 103 91 55 70 62 58 50 93 88 73 65 101 69 45 43 79 75 96 98 78 59 36 100 63 36 59 51 70 69 57 42 95 94 62 27 72 39 29 20 67 37 82 47 46 18 15 14 75 69 77 49 29 18 21 1 0 3 58 53 50 20 2 5 57 49 37 8 60 59 52 8 21 13 12 16 73 44 78 30 53 51 20 77 61 53 49 48 44 43 58 56 51
131 81 56 124 107 69 58 103 68 104 92 56 71 63 59 51 94 89 74 66 102 70 46 42 80 76 97 99 79 60 35 101 64 35 60 52 71 70 58 43 96 95 63 26 73 40 30 21 68 38 83 48 47 19 16 15 76 70 78 50 30 19 24 4 3 0 61 56 53 23 5 2 60 52 40 9 63 62 55 9 24 14 11 15 76 47 81 33 56 54 23 80 64 56 52 51 47 46 61 59 54
74 92 115 67 62 98 117 62 97 59 71 105 82 88 92 100 55 56 71 79 45 73 97 101 59 63 40 42 46 65 94 44 59 94 61 69 44 45 57 72 39 38 48 85 32 57 61 70 23 53 26 35 36 64 69 62 19 13 21 17 37 48 39 57 58 61 0 7 10 40 58 61 7 17 29 60 10 11 20 64 51 61 68 72 17 34 22 52 31 33 64 21 29 37 41 42 46 47 38 40 45
79 87 110 72 59 93 112 59 92 56 66 100 77 83 87 95 50 51 66 74 50 68 92 96 54 58 45 47 41 60 89 49 54 89 56 64 39 40 52 67 44 43 43 80 29 52 56 65 20 48 31 30 31 59 64 57 24 18 26 12 32 43 34 52 53 56 7 0 5 35 53 56 4 12 24 55 7 6 15 59 46 56 63 67 20 29 25 47 26 28 59 24 24 32 36 37 41 42 33 35 40
82 84 107 75 60 90 109 56 89 57 63 97 74 80 84 92 47 48 63 71 53 65 89 93 51 55 48 50 38 57 86 52 51 86 53 61 36 37 49 64 47 46 40 77 26 49 53 62 21 45 34 27 28 56 61 54 27 21 29 9 29 40 31 49 50 53 10 5 0 32 50 53 9 7 19 50 12 11 10 54 41 51 58 62 25 24 30 42 21 23 54 29 19 27 31 32 36 37 28 30 35
112 62 77 105 88 60 79 84 59 85 73 67 52 50 54 62 75 70 55 49 83 51 59 63 61 57 78 80 60 41 56 82 45 56 41 35 52 51 39 34 77 76 44 47 54 23 23 32 49 21 64 29 28 26 31 24 57 51 59 31 11 10 3 19 20 23 40 35 32 0 20 23 39 31 19 20 42 41 34 24 11 21 28 32 55 26 60 12 35 33 24 59 43 35 31 30 26 25 40 38 33
130 80 59 123 106 68 61 102 67 103 91 57 70 62 58 52 93 88 73 65 101 69 47 45 79 75 96 98 78 59 38 100 63 38 59 51 70 69 57 42 95 94 62 29 72 39 29 22 67 37 82 47 46 18 17 14 75 69 77 49 29 18 21 3 2 5 58 53 50 20 0 3 57 49 37 6 60 59 52 6 21 11 10 14 73 44 78 30 53 51 20 77 61 53 49 48 44 43 58 56 51
133 83 58 126 109 71 60 105 70 106 94 58 73 65 61 53 96 91 76 68 104 72 48 44 82 78 99 101 81 62 37 103 66 37 62 54 73 72 60 45 98 97 65 28 75 42 32 23 70 40 85 50 49 21 18 17 78 72 80 52 32 21 24 6 5 2 61 56 53 23 3 0 60 50 38 7 61 60 53 7 22 12 9 13 74 45 79 31 54 52 21 78 62 54 50 49 45 44 59 57 52
79 91 114 72 61 97 116 61 96 58 70 104 81 87 91 99 54 55 70 78 50 72 96 100 58 62 45 47 45 64 93 49 58 93 60 68 43 44 56 71 44 43 47 84 31 56 60 69 22 52 31 34 35 63 68 61 24 18 26 16 36 47 38 56 57 60 7 4 9 39 57 60 0 12 24 55 5 6 15 59 46 56 63 67 16 29 21 47 26 28 59 20 24 32 36 37 41 42 33 35 40
89 83 106 82 65 89 108 61 88 62 62 96 73 79 83 91 52 51 62 70 60 64 88 92 50 54 55 57 41 56 85 59 50 85 52 60 37 38 48 63 54 53 39 76 31 48 52 61 26 44 41 26 27 55 60 53 34 28 36 12 28 39 30 48 49 52 17 12 7 31 49 50 12 0 14 45 13 12 9 49 36 46 53 57 26 19 31 37 16 18 49 30 18 22 26 27 31 32 23 25 30
101 71 94 94 77 77 96 73 76 74 62 84 61 67 71 79 64 59 52 58 72 52 76 80 50 46 67 69 49 44 73 71 40 73 40 48 41 40 38 51 66 65 33 64 43 36 40 49 38 32 53 18 19 43 48 41 46 40 48 20 16 27 18 36 37 40 29 24 19 19 37 38 24 14 0 33 25 24 17 37 24 34 41 45 38 11 43 25 18 16 37 42 26 18 18 19 19 20 23 21 22
132 82 63 125 108 70 65 104 69 105 93 59 72 64 60 54 95 90 75 67 103 71 51 49 81 77 98 100 80 61 42 102 65 42 61 53 72 71 59 44 97 96 64 33 74 41 31 24 69 39 84 49 48 20 21 16 77 71 79 51 31 20 23 9 8 9 60 55 50 20 6 7 55 45 33 0 56 55 48 6 17 9 10 14 69 40 74 26 49 47 16 73 57 49 45 44 40 39 54 52 47
82 94 117 75 64 100 119 64 99 61 73 107 84 90 94 102 57 58 73 81 53 75 99 103 61 65 48 50 48 67 96 52 61 96 63 71 46 47 59 74 47 46 50 87 34 59 63 72 25 55 34 37 38 66 71 64 27 21 29 19 39 50 41 59 60 63 10 7 12 42 60 61 5 13 25 56 0 3 12 56 43 53 60 64 13 26 18 44 23 25 56 17 21 29 33 34 38 39 30 32 37
83 93 116 76 63 99 118 63 98 60 72 106 83 89 93 101 56 57 72 80 54 74 98 102 60 64 49 51 47 66 95 53 60 95 62 70 45 46 58 73 48 47 49 86 33 58 62 71 24 54 35 36 37 65 70 63 28 22 30 18 38 49 40 58 59 62 11 6 11 41 59 60 6 12 24 55 3 0 9 53 40 50 57 61 16 23 21 41 20 22 53 20 18 26 30 31 35 36 27 29 34
92 86 109 85 68 92 111 64 91 65 65 99 76 82 86 94 55 54 65 73 63 67 91 95 53 57 58 60 44 59 88 62 53 88 55 63 40 41 51 66 57 56 42 79 34 51 55 64 29 47 44 29 30 58 63 56 37 31 39 15 31 42 33 51 52 55 20 15 10 34 52 53 15 9 17 48 12 9 0 46 33 43 50 54 23 16 28 34 13 15 46 27 15 19 23 24 28 29 20 22 27
136 86 63 129 112 74 65 108 73 109 97 61 76 68 64 56 99 94 79 71 107 75 51 49 85 81 102 104 84 65 42 106 69 42 65 57 76 75 63 48 101 100 68 33 78 45 35 26 73 43 88 53 52 24 21 20 81 75 83 55 35 24 27 9 8 9 64 59 54 24 6 7 59 49 37 6 56 53 46 0 15 5 6 10 67 38 72 24 47 45 14 71 55 47 43 42 38 37 52 50 45
123 73 78 116 99 65 80 95 64 96 84 68 63 57 55 63 86 81 66 58 94 62 60 64 72 68 89 91 71 52 57 93 56 57 52 44 63 62 50 39 88 87 55 48 65 32 26 33 60 30 75 40 39 27 32 25 68 62 70 42 22 15 14 20 21 24 51 46 41 11 21 22 46 36 24 17 43 40 33 15 0 12 19 23 54 25 59 11 34 32 15 58 42 34 30 29 25 24 39 37 32
133 83 68 126 109 71 70 105 70 106 94 60 73 65 61 55 96 91 76 68 104 72 52 54 82 78 99 101 81 62 47 103 66 47 62 54 73 72 60 45 98 97 65 38 75 42 32 25 70 40 85 50 49 21 24 17 78 72 80 52 32 21 24 12 13 14 61 56 51 21 11 12 56 46 34 9 53 50 43 5 12 0 9 13 62 33 67 19 42 40 9 66 50 42 38 37 33 32 47 45 40
140 90 65 133 116 78 67 112 77 113 101 65 80 72 68 60 103 98 83 75 111 79 55 51 89 85 106 108 88 69 44 110 73 44 69 61 80 79 67 52 105 104 72 35 82 49 39 30 77 47 92 57 56 28 25 24 85 79 87 59 39 28 31 13 12 11 68 63 58 28 10 9 63 53 41 10 60 57 50 6 19 9 0 4 67 38 72 24 47 45 14 71 55 47 43 42 38 37 52 50 45
144 94 69 137 120 82 69 116 81 117 105 69 84 76 72 64 107 102 87 79 115 83 59 55 93 89 110 112 92 73 48 114 77 46 73 65 84 83 71 56 109 108 76 39 86 53 43 34 81 51 96 61 60 32 29 28 89 83 91 63 43 32 35 17 16 15 72 67 62 32 14 13 67 57 45 14 64 61 54 10 23 13 4 0 69 40 74 26 49 47 16 73 57 49 45 44 40 39 54 52 47
77 107 130 70 77 113 132 77 112 74 86 120 97 103 107 115 70 71 86 94 56 88 112 116 74 78 49 47 61 80 109 47 74 109 76 84 59 60 72 87 42 41 63 100 47 72 76 85 38 68 29 50 51 79 84 77 22 22 24 32 52 63 54 72 73 76 17 20 25 55 73 74 16 26 38 69 13 16 23 67 54 62 67 69 0 31 7 49 28 30 61 12 26 34 38 39 43 44 35 37 42
106 78 101 99 82 84 103 78 83 79 67 91 68 74 78 86 69 64 59 65 77 59 83 87 55 51 72 74 54 51 80 76 47 80 47 55 46 45 45 58 71 70 38 71 48 43 47 56 43 39 58 23 24 50 55 48 51 45 53 25 23 34 25 43 44 47 34 29 24 26 44 45 29 19 11 40 26 23 16 38 25 33 38 40 31 0 36 20 9 7 32 33 17 9 9 10 14 15 14 12 13
76 112 135 69 82 118 137 82 117 79 91 125 102 108 112 120 75 76 91 99 61 93 117 121 79 83 54 48 66 85 114 46 79 114 81 89 64 65 77 92 41 40 68 105 52 77 81 90 43 73 28 55 56 84 89 82 21 23 23 37 57 68 59 77 78 81 22 25 30 60 78 79 21 31 43 74 18 21 28 72 59 67 72 74 7 36 0 50 29 31 62 11 27 35 39 40 44 45 36 38 43
124 74 87 117 100 70 89 96 69 97 85 77 64 60 64 72 87 82 67 59 95 63 69 73 73 69 90 92 72 53 66 94 57 66 53 45 64 63 51 44 89 88 56 57 66 33 33 42 61 31 76 41 40 36 41 34 69 63 71 43 23 20 15 29 30 33 52 47 42 12 30 31 47 37 25 26 44 41 34 24 11 19 24 26 49 20 50 0 23 21 14 47 31 23 19 18 14 13 28 26 21
103 87 110 96 79 93 112 75 92 76 68 100 77 83 87 95 66 61 66 74 74 68 92 96 56 58 69 71 51 60 89 73 54 89 56 64 45 44 52 67 68 67 43 80 45 52 56 65 40 48 55 30 31 59 64 57 48 42 50 22 32 43 34 52 53 56 31 26 21 35 53 54 26 16 18 49 23 20 13 47 34 42 47 49 28 9 29 23 0 4 35 24 8 8 12 13 17 18 9 11 16
105 85 108 98 81 91 110 77 90 78 70 98 75 81 85 93 68 63 64 72 76 66 90 94 58 56 71 73 53 58 87 75 52 87 54 62 47 46 50 65 70 69 41 78 47 50 54 63 42 46 57 28 29 57 62 55 50 44 52 24 30 41 32 50 51 54 33 28 23 33 51 52 28 18 16 47 25 22 15 45 32 40 45 47 30 7 31 21 4 0 33 28 12 8 10 11 15 16 13 11 14
136 86 77 129 112 74 79 108 73 109 97 67 76 68 64 62 99 94 79 71 107 75 59 63 85 81 102 104 84 65 56 106 69 56 65 57 76 75 63 48 101 100 68 47 78 45 35 32 73 43 88 53 52 26 31 24 81 75 83 55 35 24 27 19 20 23 64 59 54 24 20 21 59 49 37 16 56 53 46 14 15 9 14 16 61 32 62 14 35 33 0 59 43 35 31 30 26 25 40 38 33
85 111 134 78 81 117 136 81 116 78 90 124 101 107 111 119 74 75 90 98 60 92 116 120 78 82 53 55 65 84 113 55 78 113 80 88 63 64 76 91 50 49 67 104 51 76 80 89 42 72 37 54 55 83 88 81 30 26 32 36 56 67 58 76 77 80 21 24 29 59 77 78 20 30 42 73 17 20 27 71 58 66 71 73 12 33 11 47 24 28 59 0 18 26 30 31 35 36 25 27 32
101 95 118 94 77 101 120 73 100 74 74 108 85 91 95 103 64 63 74 82 72 76 100 104 62 66 67 69 53 68 97 71 62 97 64 72 49 50 60 75 66 65 51 88 43 60 64 73 38 56 53 38 39 67 72 65 46 40 48 24 40 51 42 60 61 64 29 24 19 43 61 62 24 18 26 57 21 18 15 55 42 50 55 57 26 17 27 31 8 12 43 18 0 10 14 15 19 20 11 13 18
109 87 110 102 85 93 112 81 92 82 72 100 77 83 87 95 72 67 66 74 80 68 92 96 60 58 75 77 57 60 89 79 54 89 56 64 51 50 52 67 74 73 43 80 51 52 56 65 46 48 61 30 31 59 64 57 54 48 56 28 32 43 34 52 53 56 37 32 27 35 53 54 32 22 18 49 29 26 19 47 34 42 47 49 34 9 35 23 8 8 35 26 10 0 6 7 11 12 7 5 8
113 83 106 106 89 89 108 85 88 86 74 96 73 79 83 91 76 71 64 70 84 64 88 92 62 58 79 81 61 56 85 83 52 85 52 60 53 52 50 63 78 77 45 76 55 48 52 61 50 44 65 30 31 55 60 53 58 52 60 32 28 39 30 48 49 52 41 36 31 31 49 50 36 26 18 45 33 30 23 43 30 38 43 45 38 9 39 19 12 10 31 30 14 6 0 1 7 8 11 9 10
114 82 105 107 90 88 107 86 87 87 75 95 72 78 82 90 77 72 63 69 85 63 87 91 63 59 80 82 62 55 84 84 51 84 51 59 54 53 49 62 79 78 46 75 56 47 51 60 51 43 66 31 32 54 59 52 59 53 61 33 27 38 29 47 48 51 42 37 32 30 48 49 37 27 19 44 34 31 24 42 29 37 42 44 39 10 40 18 13 11 30 31 15 7 1 0 6 7 12 10 9
118 78 101 111 94 84 103 90 83 91 79 91 68 74 78 86 81 76 63 65 89 61 83 87 67 63 84 86 66 53 80 88 51 80 49 55 58 57 47 58 83 82 50 71 60 43 47 56 55 39 70 35 34 50 55 48 63 57 65 37 25 34 25 43 44 47 46 41 36 26 44 45 41 31 19 40 38 35 28 38 25 33 38 40 43 14 44 14 17 15 26 35 19 11 7 6 0 1 14 12 7
119 77 100 112 95 83 102 91 82 92 80 90 67 73 77 85 82 77 64 64 90 62 82 86 68 64 85 87 67 54 79 89 52 79 50 54 59 58 48 57 84 83 51 70 61 42 46 55 56 38 71 36 35 49 54 47 64 58 66 38 24 33 24 42 43 46 47 42 37 25 43 44 42 32 20 39 39 36 29 37 24 32 37 39 44 15 45 13 18 16 25 36 20 12 8 7 1 0 15 13 8
110 92 115 103 86 98 117 82 97 83 75 105 82 88 92 100 73 68 71 79 81 73 97 101 63 63 76 78 58 65 94 80 59 94 61 69 52 51 57 72 75 74 48 85 52 57 61 70 47 53 62 35 36 64 69 62 55 49 57 29 37 48 39 57 58 61 38 33 28 40 58 59 33 23 23 54 30 27 20 52 39 47 52 54 35 14 36 28 9 13 40 25 11 7 11 12 14 15 0 4 9
112 90 113 105 88 96 115 84 95 85 75 103 80 86 90 98 75 70 69 77 83 71 95 99 63 61 78 80 60 63 92 82 57 92 59 67 54 53 55 70 77 76 46 83 54 55 59 68 49 51 64 33 34 62 67 60 57 51 59 31 35 46 37 55 56 59 40 35 30 38 56 57 35 25 21 52 32 29 22 50 37 45 50 52 37 12 38 26 11 11 38 27 13 5 9 10 12 13 4 0 7
117 85 108 110 93 91 110 89 90 90 78 98 75 81 85 93 80 75 66 72 88 66 90 94 66 62 83 85 65 58 87 87 54 87 54 62 57 56 52 65 82 81 49 78 59 50 54 63 54 46 69 34 35 57 62 55 62 56 64 36 30 41 32 50 51 54 45 40 35 33 51 52 40 30 22 47 37 34 27 45 32 40 45 47 42 13 43 21 16 14 33 32 18 8 10 9 7 8 9 7 0
0 8 8 10 9 4 2 2 4 3 4 8 2 9 2 4 4 10 7 8 6 6 10 4 6 2 6 2 4 2 4 7 7 8 6 9 2 9 6 10 1 6 1 5 7 8 6 5 5 3 4 1 10 3 10 1 2 8 10 4 3 5 8 6 6 6 5 4 7 2 4 8 2 6 4 4 1 7 4 10 5 1 4 9 8 10 4 10 2 8 9 2 1 4 4 2 5 10 2 4 9
44 0 0 0 0 0 0 0 0 0 0 0 0 0 0 0 0 0 0 0 0 0 0 0 0 0 0 0 0 0 0 0 0 0 0 0 0 0 0 0 0 0 0 0 0 0 0 0 0 0 0 0 0 0 0 0 0 0 0 0 0 0 0 0 0 0 0 0 0 0 0 0 0 0 0 0 0 0 0 0 0 0 0 0 0 0 0 0 0 0 0 0 0 0 0 0 0 0 0 0 0
