0 36 30 14 22 30 43 54 52 36 58 31 36 35 41 42 32 44 55 67 66 82 70 69 81 50 92 48 69 87 89
36 0 14 32 24 16 9 20 18 26 24 39 42 47 41 40 56 46 41 35 36 48 40 45 47 68 58 74 53 53 55
30 14 0 24 16 8 15 26 24 18 30 31 34 39 33 32 48 38 33 39 38 54 42 41 53 60 64 66 45 59 61
14 32 24 0 10 18 31 42 40 24 46 19 24 23 29 30 26 32 43 55 54 70 58 57 69 38 80 44 57 75 77
22 24 16 10 0 10 23 34 32 16 38 15 18 23 21 22 32 24 35 47 46 62 50 49 61 44 72 50 49 67 69
30 16 8 18 10 0 15 26 24 10 30 23 26 31 25 24 40 30 31 39 38 54 42 41 53 52 64 58 43 59 61
43 9 15 31 23 15 0 17 15 21 17 34 37 42 36 35 51 41 36 30 31 41 35 40 40 63 51 69 48 46 48
54 20 26 42 34 26 17 0 10 32 14 45 48 53 47 46 62 52 47 35 42 32 46 51 39 74 40 80 59 41 45
52 18 24 40 32 24 15 10 0 28 10 41 44 49 43 42 58 48 43 31 38 32 42 47 37 70 42 76 55 39 43
36 26 18 24 16 10 21 32 28 0 24 15 18 23 17 16 32 22 23 33 32 48 36 35 47 44 58 50 37 53 55
58 24 30 46 38 30 17 14 10 24 0 31 34 39 33 32 48 38 33 21 28 26 32 37 29 60 36 66 45 33 37
31 39 31 19 15 23 34 45 41 15 31 0 5 10 10 11 19 13 24 36 35 51 39 38 50 31 61 37 38 56 58
36 42 34 24 18 26 37 48 44 18 34 5 0 5 7 8 14 10 21 33 32 48 36 35 47 26 58 32 35 53 55
35 47 39 23 23 31 42 53 49 23 39 10 5 0 8 9 11 11 22 34 33 49 37 36 48 23 59 29 36 54 56
41 41 33 29 21 25 36 47 43 17 33 10 7 8 0 1 17 9 16 28 27 43 31 30 42 29 53 35 30 48 50
42 40 32 30 22 24 35 46 42 16 32 11 8 9 1 0 18 10 15 27 26 42 30 29 41 30 52 36 29 47 49
32 56 48 26 32 40 51 62 58 32 48 19 14 11 17 18 0 14 25 37 36 52 40 39 51 20 62 22 39 57 59
44 46 38 32 24 30 41 52 48 22 38 13 10 11 9 10 14 0 13 25 24 40 28 27 39 22 50 28 27 45 47
55 41 33 43 35 31 36 47 43 23 33 24 21 22 16 15 25 13 0 14 13 29 17 16 28 29 39 35 18 34 36
67 35 39 55 47 39 30 35 31 33 21 36 33 34 28 27 37 25 14 0 9 17 13 18 16 41 27 47 26 22 24
66 36 38 54 46 38 31 42 38 32 28 35 32 33 27 26 36 24 13 9 0 18 6 11 17 32 28 38 17 23 25
82 48 54 70 62 54 41 32 32 48 26 51 48 49 43 42 52 40 29 17 18 0 20 25 13 48 12 54 33 15 19
70 40 42 58 50 42 35 46 42 36 32 39 36 37 31 30 40 28 17 13 6 20 0 5 13 28 24 34 13 19 21
69 45 41 57 49 41 40 51 47 35 37 38 35 36 30 29 39 27 16 18 11 25 5 0 14 25 25 31 10 20 22
81 47 53 69 61 53 40 39 37 47 29 50 47 48 42 41 51 39 28 16 17 13 13 14 0 37 13 43 22 10 14
50 68 60 38 44 52 63 74 70 44 60 31 26 23 29 30 20 22 29 41 32 48 28 25 37 0 44 6 21 39 41
92 58 64 80 72 64 51 40 42 58 36 61 58 59 53 52 62 50 39 27 28 12 24 25 13 44 0 48 27 9 13
48 74 66 44 50 58 69 80 76 50 66 37 32 29 35 36 22 28 35 47 38 54 34 31 43 6 48 0 23 41 43
69 53 45 57 49 43 48 59 55 37 45 38 35 36 30 29 39 27 18 26 17 33 13 10 22 21 27 23 0 20 20
87 53 59 75 67 59 46 41 39 53 33 56 53 54 48 47 57 45 34 22 23 15 19 20 10 39 9 41 20 0 6
89 55 61 77 69 61 48 45 43 55 37 58 55 56 50 49 59 47 36 24 25 19 21 22 14 41 13 43 20 6 0
0 2 8 8 9 7 8 2 2 3 10 4 5 3 5 1 4 3 1 4 1 6 10 9 8 7 5 7 3 2 7
12 0 0 0 0 0 0 0 0 0 0 0 0 0 0 0 0 0 0 0 0 0 0 0 0 0 0 0 0 0 0
