0 33 18 36 47 20 21 60 18 39 58 37 69 42 55 51 37 49 50 41 54 61 63 71 62 72 50 55 61 72 91
33 0 21 11 16 29 28 29 41 30 27 36 38 49 36 42 60 48 47 60 47 40 46 42 51 43 67 66 60 49 60
18 21 0 20 31 10 9 44 22 23 42 21 53 32 39 35 41 33 34 41 38 45 47 55 46 56 48 47 45 56 75
36 11 20 0 17 22 19 26 32 21 24 27 35 40 27 33 51 39 38 51 38 31 37 37 42 38 58 57 51 40 57
47 16 31 17 0 33 30 15 43 32 13 38 24 51 38 44 62 50 49 62 49 42 48 40 53 41 69 68 62 51 46
20 29 10 22 33 0 3 42 12 21 40 19 51 26 37 33 31 31 32 33 36 43 45 53 44 54 40 39 43 54 73
21 28 9 19 30 3 0 39 15 18 37 16 48 27 34 30 34 28 29 34 33 40 42 50 41 51 41 40 40 51 70
60 29 44 26 15 42 39 0 50 37 18 43 11 56 43 49 67 55 54 67 54 47 53 45 58 46 74 73 67 56 37
18 41 22 32 43 12 15 50 0 23 42 21 53 26 39 35 21 33 34 25 38 45 47 55 46 56 34 39 45 56 75
39 30 23 21 32 21 18 37 23 0 25 8 34 21 18 16 32 20 21 32 21 24 26 34 25 35 39 38 32 35 54
58 27 42 24 13 40 37 18 42 25 0 27 15 40 27 33 51 39 38 51 38 31 37 29 42 30 58 57 51 40 35
37 36 21 27 38 19 16 43 21 8 27 0 34 15 18 16 26 14 15 26 19 24 26 34 25 35 33 32 26 35 54
69 38 53 35 24 51 48 11 53 34 15 34 0 47 34 40 58 46 45 58 45 38 44 36 49 37 65 64 58 47 28
42 49 32 40 51 26 27 56 26 21 40 15 47 0 15 11 13 9 10 13 14 21 23 31 22 32 20 19 21 32 51
55 36 39 27 38 37 34 43 39 18 27 18 34 15 0 8 26 14 13 26 13 10 16 18 17 19 33 32 26 19 38
51 42 35 33 44 33 30 49 35 16 33 16 40 11 8 0 20 8 7 20 7 10 12 20 11 21 27 26 20 21 40
37 60 41 51 62 31 34 67 21 32 51 26 58 13 26 20 0 14 15 4 17 24 26 34 25 35 15 18 24 35 54
49 48 33 39 50 31 28 55 33 20 39 14 46 9 14 8 14 0 1 14 5 12 14 22 13 23 21 20 14 23 42
50 47 34 38 49 32 29 54 34 21 38 15 45 10 13 7 15 1 0 15 4 11 13 21 12 22 22 21 15 22 41
41 60 41 51 62 33 34 67 25 32 51 26 58 13 26 20 4 14 15 0 15 22 24 32 23 33 15 16 22 33 52
54 47 38 38 49 36 33 54 38 21 38 19 45 14 13 7 17 5 4 15 0 9 11 19 10 20 22 21 15 20 39
61 40 45 31 42 43 40 47 45 24 31 24 38 21 10 10 24 12 11 22 9 0 8 10 13 11 29 28 22 11 30
63 46 47 37 48 45 42 53 47 26 37 26 44 23 16 12 26 14 13 24 11 8 0 10 7 11 23 22 16 11 30
71 42 55 37 40 53 50 45 55 34 29 34 36 31 18 20 34 22 21 32 19 10 10 0 15 1 29 28 22 11 20
62 51 46 42 53 44 41 58 46 25 42 25 49 22 17 11 25 13 12 23 10 13 7 15 0 14 16 15 9 12 31
72 43 56 38 41 54 51 46 56 35 30 35 37 32 19 21 35 23 22 33 20 11 11 1 14 0 28 27 21 10 19
50 67 48 58 69 40 41 74 34 39 58 33 65 20 33 27 15 21 22 15 22 29 23 29 16 28 0 7 13 24 43
55 66 47 57 68 39 40 73 39 38 57 32 64 19 32 26 18 20 21 16 21 28 22 28 15 27 7 0 8 17 38
61 60 45 51 62 43 40 67 45 32 51 26 58 21 26 20 24 14 15 22 15 22 16 22 9 21 13 8 0 11 32
72 49 56 40 51 54 51 56 56 35 40 35 47 32 19 21 35 23 22 33 20 11 11 11 12 10 24 17 11 0 23
91 60 75 57 46 73 70 37 75 54 35 54 28 51 38 40 54 42 41 52 39 30 30 20 31 19 43 38 32 23 0
0 10 2 9 5 6 10 8 3 9 8 3 9 5 4 10 10 1 3 7 7 6 6 7 1 5 8 1 1 1 9
12 0 0 0 0 0 0 0 0 0 0 0 0 0 0 0 0 0 0 0 0 0 0 0 0 0 0 0 0 0 0
