0 33 18 36 48 60 28 36 40 56 18 39 58 28 32 44 37 52 42 55 57 51 67 37 49 50 55 54 61 63 64 71 62 50 78 55 61 72 88 90 91
33 0 21 11 17 29 29 21 17 25 41 30 27 43 39 27 36 25 49 36 32 42 36 60 48 47 42 47 40 46 45 42 51 67 47 66 60 49 57 59 60
18 21 0 20 32 44 12 20 24 40 22 23 42 24 20 28 21 36 32 39 41 35 51 41 33 34 39 38 45 47 48 55 46 48 62 47 45 56 72 74 75
36 11 20 0 14 26 20 12 8 22 32 21 24 34 30 18 27 18 40 27 23 33 33 51 39 38 33 38 31 37 36 37 42 58 44 57 51 40 54 56 57
48 17 32 14 0 14 28 20 16 10 40 29 12 42 38 26 35 24 48 35 31 41 27 59 47 46 41 46 39 45 44 37 50 66 40 65 59 48 42 44 45
60 29 44 26 14 0 38 30 26 10 50 37 18 50 46 34 43 32 56 43 39 49 33 67 55 54 49 54 47 53 52 45 58 74 46 73 67 56 42 38 37
28 29 12 20 28 38 0 14 18 34 18 13 32 16 12 18 11 26 22 29 31 25 41 33 23 24 29 28 35 37 38 45 36 40 52 39 35 46 62 64 65
36 21 20 12 20 30 14 0 10 26 26 11 24 24 20 10 17 18 30 23 23 23 33 41 29 28 23 28 29 31 32 37 32 48 44 47 41 38 54 56 57
40 17 24 8 16 26 18 10 0 22 30 15 20 28 24 12 21 14 34 21 19 27 29 45 33 32 27 32 25 31 30 33 36 52 40 51 45 34 50 52 53
56 25 40 22 10 10 34 26 22 0 46 31 12 44 40 28 37 26 50 37 33 43 27 61 49 48 43 48 41 47 46 39 52 68 40 67 61 50 40 36 37
18 41 22 32 40 50 18 26 30 46 0 23 42 12 16 28 21 36 26 39 41 35 51 21 33 34 39 38 45 47 48 55 46 34 62 39 45 56 72 74 75
39 30 23 21 29 37 13 11 15 31 23 0 25 19 15 11 8 15 21 18 20 16 30 32 20 21 18 21 24 26 27 34 25 39 41 38 32 35 51 53 54
58 27 42 24 12 18 32 24 20 12 42 25 0 38 34 22 27 16 40 27 23 33 17 51 39 38 33 38 31 37 36 29 42 58 30 57 51 40 32 34 35
28 43 24 34 42 50 16 24 28 44 12 19 38 0 10 22 13 26 16 29 31 25 41 19 23 24 29 28 35 37 38 45 36 28 52 29 35 46 62 64 65
32 39 20 30 38 46 12 20 24 40 16 15 34 10 0 18 9 22 16 25 27 21 37 23 19 20 25 24 31 33 34 41 32 30 48 29 31 42 58 60 61
44 27 28 18 26 34 18 10 12 28 28 11 22 22 18 0 11 10 24 17 15 17 25 35 23 22 17 22 21 25 26 29 26 42 36 41 35 30 46 48 49
37 36 21 27 35 43 11 17 21 37 21 8 27 13 9 11 0 15 15 18 20 16 30 26 14 15 18 19 24 26 27 34 25 33 41 32 26 35 51 53 54
52 25 36 18 24 32 26 18 14 26 36 15 16 26 22 10 15 0 24 11 7 17 17 35 23 22 17 22 15 21 20 21 26 42 28 41 35 24 38 40 41
42 49 32 40 48 56 22 30 34 50 26 21 40 16 16 24 15 24 0 15 19 11 27 13 9 10 15 14 21 23 24 31 22 20 38 19 21 32 48 50 51
55 36 39 27 35 43 29 23 21 37 39 18 27 29 25 17 18 11 15 0 6 8 14 26 14 13 8 13 10 16 15 18 17 33 25 32 26 19 35 37 38
57 32 41 23 31 39 31 23 19 33 41 20 23 31 27 15 20 7 19 6 0 12 10 30 18 17 12 17 10 16 15 16 21 37 21 36 30 19 31 33 34
51 42 35 33 41 49 25 23 27 43 35 16 33 25 21 17 16 17 11 8 12 0 18 20 8 7 4 7 10 12 13 20 11 27 27 26 20 21 37 39 40
67 36 51 33 27 33 41 33 29 27 51 30 17 41 37 25 30 17 27 14 10 18 0 36 24 23 18 23 16 22 21 14 27 43 17 42 36 25 23 25 26
37 60 41 51 59 67 33 41 45 61 21 32 51 19 23 35 26 35 13 26 30 20 36 0 14 15 20 17 24 26 27 34 25 15 41 18 24 35 51 53 54
49 48 33 39 47 55 23 29 33 49 33 20 39 23 19 23 14 23 9 14 18 8 24 14 0 1 8 5 12 14 15 22 13 21 29 20 14 23 39 41 42
50 47 34 38 46 54 24 28 32 48 34 21 38 24 20 22 15 22 10 13 17 7 23 15 1 0 7 4 11 13 14 21 12 22 28 21 15 22 38 40 41
55 42 39 33 41 49 29 23 27 43 39 18 33 29 25 17 18 17 15 8 12 4 18 20 8 7 0 7 6 10 11 16 11 27 23 26 20 17 33 35 36
54 47 38 38 46 54 28 28 32 48 38 21 38 28 24 22 19 22 14 13 17 7 23 17 5 4 7 0 9 11 12 19 10 22 26 21 15 20 36 38 39
61 40 45 31 39 47 35 29 25 41 45 24 31 35 31 21 24 15 21 10 10 10 16 24 12 11 6 9 0 8 7 10 13 29 17 28 22 11 27 29 30
63 46 47 37 45 53 37 31 31 47 47 26 37 37 33 25 26 21 23 16 16 12 22 26 14 13 10 11 8 0 1 10 7 23 17 22 16 11 27 29 30
64 45 48 36 44 52 38 32 30 46 48 27 36 38 34 26 27 20 24 15 15 13 21 27 15 14 11 12 7 1 0 9 8 24 16 23 17 10 26 28 29
71 42 55 37 37 45 45 37 33 39 55 34 29 45 41 29 34 21 31 18 16 20 14 34 22 21 16 19 10 10 9 0 15 31 7 30 24 13 17 19 20
62 51 46 42 50 58 36 32 36 52 46 25 42 36 32 26 25 26 22 17 21 11 27 25 13 12 11 10 13 7 8 15 0 16 18 15 9 12 28 30 31
50 67 48 58 66 74 40 48 52 68 34 39 58 28 30 42 33 42 20 33 37 27 43 15 21 22 27 22 29 23 24 31 16 0 30 7 13 24 40 42 43
78 47 62 44 40 46 52 44 40 40 62 41 30 52 48 36 41 28 38 25 21 27 17 41 29 28 23 26 17 17 16 7 18 30 0 27 21 12 12 14 15
55 66 47 57 65 73 39 47 51 67 39 38 57 29 29 41 32 41 19 32 36 26 42 18 20 21 26 21 28 22 23 30 15 7 27 0 8 17 33 35 38
61 60 45 51 59 67 35 41 45 61 45 32 51 35 31 35 26 35 21 26 30 20 36 24 14 15 20 15 22 16 17 24 9 13 21 8 0 11 27 29 32
72 49 56 40 48 56 46 38 34 50 56 35 40 46 42 30 35 24 32 19 19 21 25 35 23 22 17 20 11 11 10 13 12 24 12 17 11 0 18 20 23
88 57 72 54 42 42 62 54 50 40 72 51 32 62 58 46 51 38 48 35 31 37 23 51 39 38 33 36 27 27 26 17 28 40 12 33 27 18 0 4 7
90 59 74 56 44 38 64 56 52 36 74 53 34 64 60 48 53 40 50 37 33 39 25 53 41 40 35 38 29 29 28 19 30 42 14 35 29 20 4 0 3
91 60 75 57 45 37 65 57 53 37 75 54 35 65 61 49 54 41 51 38 34 40 26 54 42 41 36 39 30 30 29 20 31 43 15 38 32 23 7 3 0
0 3 9 5 4 10 10 1 3 7 7 6 6 7 1 5 8 1 1 1 9 3 6 7 10 2 4 3 5 9 8 4 9 3 3 2 5 1 7 8 5
16 0 0 0 0 0 0 0 0 0 0 0 0 0 0 0 0 0 0 0 0 0 0 0 0 0 0 0 0 0 0 0 0 0 0 0 0 0 0 0 0
