0 37 36 30 42 30 50 34 54 27 52 36 58 30 31 38 59 36 61 35 42 32 44 55 61 67 73 66 82 60 61 70 80 69 81 50 56 48 69 87 89
37 0 7 15 5 21 13 21 17 30 15 31 21 45 44 41 22 47 24 52 45 61 51 46 40 34 36 41 45 51 50 45 43 50 44 73 67 79 58 50 52
36 7 0 14 8 16 16 16 20 25 18 26 24 40 39 36 25 42 27 47 40 56 46 41 35 35 39 36 48 46 45 40 46 45 47 68 62 74 53 53 55
30 15 14 0 14 8 22 8 26 17 24 18 30 32 31 28 31 34 33 39 32 48 38 33 33 39 45 38 54 38 37 42 52 41 53 60 54 66 45 59 61
42 5 8 14 0 16 10 16 14 25 12 26 18 40 39 36 19 42 21 47 40 56 46 41 35 31 33 36 42 46 45 40 40 45 41 68 62 74 53 47 49
30 21 16 8 16 0 22 6 26 11 24 10 30 24 23 20 31 26 33 31 24 40 30 31 33 39 45 38 54 36 35 42 52 41 53 52 46 58 43 59 61
50 13 16 22 10 22 0 22 6 31 4 30 12 44 43 40 21 46 21 51 44 60 50 45 39 33 31 40 34 50 49 44 38 49 39 72 66 78 57 41 45
34 21 16 8 16 6 22 0 26 15 24 12 26 26 25 22 27 28 29 33 26 42 32 27 29 35 41 34 50 32 31 38 48 37 49 54 48 60 39 55 57
54 17 20 26 14 26 6 26 0 35 10 32 14 46 45 42 23 48 23 53 46 62 52 47 41 35 31 42 32 52 51 46 38 51 39 74 68 80 59 41 45
27 30 25 17 25 11 31 15 35 0 31 11 33 17 16 13 34 19 36 24 17 33 25 30 36 42 48 41 57 35 36 45 55 44 56 45 39 51 44 62 64
52 15 18 24 12 24 4 24 10 31 0 28 10 42 41 38 19 44 19 49 42 58 48 43 37 31 29 38 32 48 47 42 36 47 37 70 64 76 55 39 43
36 31 26 18 26 10 30 12 32 11 28 0 24 16 15 12 25 18 27 23 16 32 22 23 27 33 39 32 48 28 29 36 46 35 47 44 38 50 37 53 55
58 21 24 30 18 30 12 26 14 33 10 24 0 32 31 28 9 34 9 39 32 48 38 33 27 21 21 28 26 38 37 32 28 37 29 60 54 66 45 33 37
30 45 40 32 40 24 44 26 46 17 42 16 32 0 1 10 31 6 33 7 12 16 14 25 31 37 43 36 52 30 31 40 50 39 51 28 26 34 39 57 59
31 44 39 31 39 23 43 25 45 16 41 15 31 1 0 9 30 5 32 8 11 17 13 24 30 36 42 35 51 29 30 39 49 38 50 29 25 35 38 56 58
38 41 36 28 36 20 40 22 42 13 38 12 28 10 9 0 27 10 27 13 6 22 14 19 25 31 37 30 46 24 25 34 44 33 45 34 28 40 33 51 53
59 22 25 31 19 31 21 27 23 34 19 25 9 31 30 27 0 29 4 32 25 41 31 26 20 14 16 21 25 31 30 25 23 30 24 53 47 59 38 30 32
36 47 42 34 42 26 46 28 48 19 44 18 34 6 5 10 29 0 29 5 8 14 10 21 27 33 39 32 48 26 27 36 46 35 47 26 22 32 35 53 55
61 24 27 33 21 33 21 29 23 36 19 27 9 33 32 27 4 29 0 32 25 41 31 26 20 14 14 21 21 31 30 25 21 30 22 53 47 59 38 28 30
35 52 47 39 47 31 51 33 53 24 49 23 39 7 8 13 32 5 32 0 9 11 11 22 28 34 40 33 49 27 28 37 47 36 48 23 23 29 36 54 56
42 45 40 32 40 24 44 26 46 17 42 16 32 12 11 6 25 8 25 9 0 18 10 15 21 27 33 26 42 20 21 30 40 29 41 30 24 36 29 47 49
32 61 56 48 56 40 60 42 62 33 58 32 48 16 17 22 41 14 41 11 18 0 14 25 31 37 43 36 52 30 31 40 50 39 51 20 26 22 39 57 59
44 51 46 38 46 30 50 32 52 25 48 22 38 14 13 14 31 10 31 11 10 14 0 13 19 25 31 24 40 18 19 28 38 27 39 22 16 28 27 45 47
55 46 41 33 41 31 45 27 47 30 43 23 33 25 24 19 26 21 26 22 15 25 13 0 8 14 20 13 29 11 10 17 27 16 28 29 23 35 18 34 36
61 40 35 33 35 33 39 29 41 36 37 27 27 31 30 25 20 27 20 28 21 31 19 8 0 8 14 7 23 13 12 11 21 16 22 35 29 41 20 28 30
67 34 35 39 31 39 33 35 35 42 31 33 21 37 36 31 14 33 14 34 27 37 25 14 8 0 8 9 17 19 18 13 15 18 16 41 35 47 26 22 24
73 36 39 45 33 45 31 41 31 48 29 39 21 43 42 37 16 39 14 40 33 43 31 20 14 8 0 13 11 23 22 17 13 22 14 45 39 51 30 18 22
66 41 36 38 36 38 40 34 42 41 38 32 28 36 35 30 21 32 21 33 26 36 24 13 7 9 13 0 18 10 9 6 16 11 17 32 26 38 17 23 25
82 45 48 54 42 54 34 50 32 57 32 48 26 52 51 46 25 48 21 49 42 52 40 29 23 17 11 18 0 26 25 20 12 25 13 48 42 54 33 15 19
60 51 46 38 46 36 50 32 52 35 48 28 38 30 29 24 31 26 31 27 20 30 18 11 13 19 23 10 26 0 1 10 20 9 21 24 18 30 11 27 29
61 50 45 37 45 35 49 31 51 36 47 29 37 31 30 25 30 27 30 28 21 31 19 10 12 18 22 9 25 1 0 9 19 8 20 25 19 31 10 26 28
70 45 40 42 40 42 44 38 46 45 42 36 32 40 39 34 25 36 25 37 30 40 28 17 11 13 17 6 20 10 9 0 12 5 13 28 22 34 13 19 21
80 43 46 52 40 52 38 48 38 55 36 46 28 50 49 44 23 46 21 47 40 50 38 27 21 15 13 16 12 20 19 12 0 15 3 38 32 44 23 11 15
69 50 45 41 45 41 49 37 51 44 47 35 37 39 38 33 30 35 30 36 29 39 27 16 16 18 22 11 25 9 8 5 15 0 14 25 19 31 10 20 22
81 44 47 53 41 53 39 49 39 56 37 47 29 51 50 45 24 47 22 48 41 51 39 28 22 16 14 17 13 21 20 13 3 14 0 37 31 43 22 10 14
50 73 68 60 68 52 72 54 74 45 70 44 60 28 29 34 53 26 53 23 30 20 22 29 35 41 45 32 48 24 25 28 38 25 37 0 8 6 21 39 41
56 67 62 54 62 46 66 48 68 39 64 38 54 26 25 28 47 22 47 23 24 26 16 23 29 35 39 26 42 18 19 22 32 19 31 8 0 12 15 33 35
48 79 74 66 74 58 78 60 80 51 76 50 66 34 35 40 59 32 59 29 36 22 28 35 41 47 51 38 54 30 31 34 44 31 43 6 12 0 23 41 43
69 58 53 45 53 43 57 39 59 44 55 37 45 39 38 33 38 35 38 36 29 39 27 18 20 26 30 17 33 11 10 13 23 10 22 21 15 23 0 20 20
87 50 53 59 47 59 41 55 41 62 39 53 33 57 56 51 30 53 28 54 47 57 45 34 28 22 18 23 15 27 26 19 11 20 10 39 33 41 20 0 6
89 52 55 61 49 61 45 57 45 64 43 55 37 59 58 53 32 55 30 56 49 59 47 36 30 24 22 25 19 29 28 21 15 22 14 41 35 43 20 6 0
0 4 5 3 5 1 4 3 1 4 1 6 10 9 8 7 5 7 3 2 7 9 2 10 9 6 2 3 2 2 6 1 8 4 3 6 6 1 4 2 4
18 0 0 0 0 0 0 0 0 0 0 0 0 0 0 0 0 0 0 0 0 0 0 0 0 0 0 0 0 0 0 0 0 0 0 0 0 0 0 0 0
