0 37 6 21 31 32 42 30 34 42 50 15 34 54 27 52 20 36 58 30 31 38 59 56 61 35 42 32 74 55 61 67 72 73 49 66 74 82 60 61 70 80 87 69 50 56 48 62 55 56 89
37 0 39 24 14 13 5 21 17 9 13 40 21 17 30 15 39 31 21 45 44 41 22 27 24 52 45 61 37 46 40 34 35 36 58 41 37 45 51 50 45 43 50 50 73 67 79 65 76 75 52
6 39 0 21 29 30 38 26 30 38 46 11 30 50 23 48 16 32 54 26 27 34 55 52 57 31 38 28 70 51 57 63 68 69 45 62 70 78 56 57 66 76 83 65 46 52 44 58 51 52 85
21 24 21 0 14 15 23 11 15 23 31 18 15 35 8 33 17 17 39 23 22 19 40 37 42 30 23 39 55 36 42 48 53 54 36 47 55 63 41 42 51 61 68 50 51 45 57 47 54 53 70
31 14 29 14 0 1 11 7 3 11 19 26 7 23 16 21 25 17 27 31 30 27 28 25 30 38 31 47 43 32 32 36 41 42 44 35 43 51 37 36 39 49 56 40 59 53 65 51 62 61 58
32 13 30 15 1 0 10 8 4 10 18 27 8 22 17 20 26 18 26 32 31 28 27 24 29 39 32 48 42 33 33 35 40 41 45 34 42 50 38 37 38 48 55 41 60 54 66 52 63 62 57
42 5 38 23 11 10 0 16 12 4 10 35 16 14 25 12 34 26 18 40 39 36 19 22 21 47 40 56 34 41 35 31 32 33 53 36 34 42 46 45 40 40 47 45 68 62 74 60 71 70 49
30 21 26 11 7 8 16 0 6 14 22 21 6 26 11 24 20 10 30 24 23 20 31 28 33 31 24 40 46 31 33 39 44 45 37 38 46 54 36 35 42 52 59 41 52 46 58 44 55 54 61
34 17 30 15 3 4 12 6 0 10 18 25 4 22 15 20 24 14 26 28 27 24 27 24 29 35 28 44 42 29 29 35 40 41 41 34 42 50 34 33 38 48 55 37 56 50 62 48 59 58 57
42 9 38 23 11 10 4 14 10 0 10 33 14 14 23 12 32 22 18 36 35 32 19 18 21 43 36 52 34 37 31 31 32 33 49 32 34 42 42 41 36 40 47 41 64 58 70 56 67 66 49
50 13 46 31 19 18 10 22 18 10 0 41 22 6 31 4 40 30 12 44 43 40 21 26 21 51 44 60 26 45 39 33 30 31 57 40 32 34 50 49 44 38 39 49 72 66 78 64 75 74 45
15 40 11 18 26 27 35 21 25 33 41 0 25 45 18 43 7 23 45 17 18 25 46 43 48 22 29 25 61 42 48 54 59 60 36 53 61 69 47 48 57 67 74 56 37 43 43 49 42 43 76
34 21 30 15 7 8 16 6 4 14 22 25 0 26 15 24 22 12 26 26 25 22 27 24 29 33 26 42 42 27 29 35 40 41 39 34 42 50 32 31 38 48 55 37 54 48 60 46 57 56 57
54 17 50 35 23 22 14 26 22 14 6 45 26 0 35 10 42 32 14 46 45 42 23 28 23 53 46 62 24 47 41 35 30 31 59 42 32 32 52 51 46 38 37 51 74 68 80 66 77 76 45
27 30 23 8 16 17 25 11 15 23 31 18 15 35 0 31 13 11 33 17 16 13 34 31 36 24 17 33 49 30 36 42 47 48 30 41 49 57 35 36 45 55 62 44 45 39 51 41 48 47 64
52 15 48 33 21 20 12 24 20 12 4 43 24 10 31 0 38 28 10 42 41 38 19 24 19 49 42 58 24 43 37 31 28 29 55 38 30 32 48 47 42 36 37 47 70 64 76 62 73 72 43
20 39 16 17 25 26 34 20 24 32 40 7 22 42 13 38 0 18 40 12 13 20 41 38 43 17 24 24 56 37 43 49 54 55 31 48 56 64 42 43 52 62 69 51 36 38 42 44 39 40 71
36 31 32 17 17 18 26 10 14 22 30 23 12 32 11 28 18 0 24 16 15 12 25 22 27 23 16 32 40 23 27 33 38 39 29 32 40 48 28 29 36 46 53 35 44 38 50 36 47 46 55
58 21 54 39 27 26 18 30 26 18 12 45 26 14 33 10 40 24 0 32 31 28 9 14 9 39 32 48 18 33 27 21 20 21 45 28 22 26 38 37 32 28 31 37 60 54 66 52 63 62 37
30 45 26 23 31 32 40 24 28 36 44 17 26 46 17 42 12 16 32 0 1 10 31 26 33 7 12 16 44 25 31 37 42 43 19 36 44 52 30 31 40 50 57 39 28 26 34 32 31 32 59
31 44 27 22 30 31 39 23 27 35 43 18 25 45 16 41 13 15 31 1 0 9 30 25 32 8 11 17 43 24 30 36 41 42 18 35 43 51 29 30 39 49 56 38 29 25 35 31 32 33 58
38 41 34 19 27 28 36 20 24 32 40 25 22 42 13 38 20 12 28 10 9 0 27 20 27 13 6 22 38 19 25 31 36 37 19 30 38 46 24 25 34 44 51 33 34 28 40 30 37 36 53
59 22 55 40 28 27 19 31 27 19 21 46 27 23 34 19 41 25 9 31 30 27 0 9 4 32 25 41 17 26 20 14 15 16 38 21 17 25 31 30 25 23 30 30 53 47 59 45 56 55 32
56 27 52 37 25 24 22 28 24 18 26 43 24 28 31 24 38 22 14 26 25 20 9 0 9 25 18 34 20 19 13 13 18 19 31 14 20 28 24 23 18 26 33 23 46 40 52 38 49 48 35
61 24 57 42 30 29 21 33 29 21 21 48 29 23 36 19 43 27 9 33 32 27 4 9 0 32 25 41 13 26 20 14 13 14 38 21 15 21 31 30 25 21 26 30 53 47 59 45 56 55 30
35 52 31 30 38 39 47 31 35 43 51 22 33 53 24 49 17 23 39 7 8 13 32 25 32 0 9 11 41 22 28 34 39 40 16 33 41 49 27 28 37 47 54 36 23 23 29 29 26 27 56
42 45 38 23 31 32 40 24 28 36 44 29 26 46 17 42 24 16 32 12 11 6 25 18 25 9 0 18 34 15 21 27 32 33 15 26 34 42 20 21 30 40 47 29 30 24 36 26 33 32 49
32 61 28 39 47 48 56 40 44 52 60 25 42 62 33 58 24 32 48 16 17 22 41 34 41 11 18 0 44 25 31 37 42 43 19 36 44 52 30 31 40 50 57 39 20 26 22 32 25 26 59
74 37 70 55 43 42 34 46 42 34 26 61 42 24 49 24 56 40 18 44 43 38 17 20 13 41 34 44 0 29 23 17 12 13 41 24 14 14 34 33 28 20 19 33 56 50 62 48 59 58 27
55 46 51 36 32 33 41 31 29 37 45 42 27 47 30 43 37 23 33 25 24 19 26 19 26 22 15 25 29 0 8 14 19 20 14 13 21 29 11 10 17 27 34 16 29 23 35 21 32 31 36
61 40 57 42 32 33 35 33 29 31 39 48 29 41 36 37 43 27 27 31 30 25 20 13 20 28 21 31 23 8 0 8 13 14 20 7 15 23 13 12 11 21 28 16 35 29 41 27 38 37 30
67 34 63 48 36 35 31 39 35 31 33 54 35 35 42 31 49 33 21 37 36 31 14 13 14 34 27 37 17 14 8 0 7 8 26 9 9 17 19 18 13 15 22 18 41 35 47 33 44 43 24
72 35 68 53 41 40 32 44 40 32 30 59 40 30 47 28 54 38 20 42 41 36 15 18 13 39 32 42 12 19 13 7 0 3 31 14 4 12 24 23 18 14 17 23 46 40 52 38 49 48 23
73 36 69 54 42 41 33 45 41 33 31 60 41 31 48 29 55 39 21 43 42 37 16 19 14 40 33 43 13 20 14 8 3 0 28 13 1 9 21 20 15 11 14 20 43 37 49 35 46 45 20
49 58 45 36 44 45 53 37 41 49 57 36 39 59 30 55 31 29 45 19 18 19 38 31 38 16 15 19 41 14 20 26 31 28 0 17 27 33 11 12 21 31 38 20 17 11 23 15 20 19 40
66 41 62 47 35 34 36 38 34 32 40 53 34 42 41 38 48 32 28 36 35 30 21 14 21 33 26 36 24 13 7 9 14 13 17 0 12 18 10 9 6 16 23 11 32 26 38 24 35 34 25
74 37 70 55 43 42 34 46 42 34 32 61 42 32 49 30 56 40 22 44 43 38 17 20 15 41 34 44 14 21 15 9 4 1 27 12 0 8 20 19 14 10 13 19 42 36 48 34 45 44 19
82 45 78 63 51 50 42 54 50 42 34 69 50 32 57 32 64 48 26 52 51 46 25 28 21 49 42 52 14 29 23 17 12 9 33 18 8 0 26 25 20 12 11 25 48 42 54 40 51 50 19
60 51 56 41 37 38 46 36 34 42 50 47 32 52 35 48 42 28 38 30 29 24 31 24 31 27 20 30 34 11 13 19 24 21 11 10 20 26 0 1 10 20 27 9 24 18 30 16 27 26 29
61 50 57 42 36 37 45 35 33 41 49 48 31 51 36 47 43 29 37 31 30 25 30 23 30 28 21 31 33 10 12 18 23 20 12 9 19 25 1 0 9 19 26 8 25 19 31 17 28 27 28
70 45 66 51 39 38 40 42 38 36 44 57 38 46 45 42 52 36 32 40 39 34 25 18 25 37 30 40 28 17 11 13 18 15 21 6 14 20 10 9 0 12 19 5 28 22 34 20 31 30 21
80 43 76 61 49 48 40 52 48 40 38 67 48 38 55 36 62 46 28 50 49 44 23 26 21 47 40 50 20 27 21 15 14 11 31 16 10 12 20 19 12 0 9 15 38 32 44 30 41 40 15
87 50 83 68 56 55 47 59 55 47 39 74 55 37 62 37 69 53 31 57 56 51 30 33 26 54 47 57 19 34 28 22 17 14 38 23 13 11 27 26 19 9 0 22 45 39 51 37 48 47 16
69 50 65 50 40 41 45 41 37 41 49 56 37 51 44 47 51 35 37 39 38 33 30 23 30 36 29 39 33 16 16 18 23 20 20 11 19 25 9 8 5 15 22 0 25 19 31 17 28 27 22
50 73 46 51 59 60 68 52 56 64 72 37 54 74 45 70 36 44 60 28 29 34 53 46 53 23 30 20 56 29 35 41 46 43 17 32 42 48 24 25 28 38 45 25 0 8 6 14 7 8 41
56 67 52 45 53 54 62 46 50 58 66 43 48 68 39 64 38 38 54 26 25 28 47 40 47 23 24 26 50 23 29 35 40 37 11 26 36 42 18 19 22 32 39 19 8 0 12 8 9 10 35
48 79 44 57 65 66 74 58 62 70 78 43 60 80 51 76 42 50 66 34 35 40 59 52 59 29 36 22 62 35 41 47 52 49 23 38 48 54 30 31 34 44 51 31 6 12 0 16 9 10 43
62 65 58 47 51 52 60 44 48 56 64 49 46 66 41 62 44 36 52 32 31 30 45 38 45 29 26 32 48 21 27 33 38 35 15 24 34 40 16 17 20 30 37 17 14 8 16 0 13 12 29
55 76 51 54 62 63 71 55 59 67 75 42 57 77 48 73 39 47 63 31 32 37 56 49 56 26 33 25 59 32 38 44 49 46 20 35 45 51 27 28 31 41 48 28 7 9 9 13 0 1 34
56 75 52 53 61 62 70 54 58 66 74 43 56 76 47 72 40 46 62 32 33 36 55 48 55 27 32 26 58 31 37 43 48 45 19 34 44 50 26 27 30 40 47 27 8 10 10 12 1 0 33
89 52 85 70 58 57 49 61 57 49 45 76 57 45 64 43 71 55 37 59 58 53 32 35 30 56 49 59 27 36 30 24 23 20 40 25 19 19 29 28 21 15 16 22 41 35 43 29 34 33 0
0 6 10 9 8 7 5 7 3 2 7 9 2 10 9 6 2 3 2 2 6 1 8 4 3 6 6 1 4 2 4 9 1 6 1 7 10 3 3 9 10 4 10 7 10 3 1 8 5 4 5
24 0 0 0 0 0 0 0 0 0 0 0 0 0 0 0 0 0 0 0 0 0 0 0 0 0 0 0 0 0 0 0 0 0 0 0 0 0 0 0 0 0 0 0 0 0 0 0 0 0 0
