0 12 40 33 11 18 35 24 28 36 48 28 36 40 56 18 49 19 39 34 58 28 32 44 37 47 52 40 42 55 57 63 67 37 52 55 61 76 53 64 71 72 50 78 55 61 65 72 88 90 91
12 0 34 27 7 8 27 14 18 26 38 18 26 30 46 22 39 23 29 24 48 24 22 34 27 37 42 32 34 45 47 53 57 41 42 45 51 66 45 54 61 62 48 68 47 51 55 62 78 80 81
40 34 0 15 35 30 11 32 28 20 10 38 30 26 18 50 19 51 31 44 20 52 48 36 45 39 34 54 58 45 41 39 35 69 56 51 49 38 65 54 47 52 76 48 75 69 67 58 50 52 53
33 27 15 0 26 21 4 23 19 11 17 29 21 17 25 41 18 42 22 35 27 43 39 27 36 30 25 45 49 36 32 34 36 60 47 42 40 45 56 45 42 47 67 47 66 60 58 49 57 59 60
11 7 35 26 0 7 26 13 17 25 37 17 25 29 45 17 38 18 28 23 47 19 21 33 26 36 41 31 33 44 46 52 56 36 41 44 50 65 44 53 60 61 45 67 46 50 54 61 77 79 80
18 8 30 21 7 0 21 8 12 20 32 12 20 24 40 22 33 23 23 18 42 24 20 28 21 31 36 28 32 39 41 47 51 41 36 39 45 60 39 48 55 56 48 62 47 45 49 56 72 74 75
35 27 11 4 26 21 0 23 19 11 13 29 21 17 21 41 14 42 22 35 23 43 39 27 36 30 25 45 49 36 32 32 34 60 47 42 40 41 56 45 40 45 67 45 66 60 58 49 53 55 56
24 14 32 23 13 8 23 0 10 18 26 8 14 18 34 20 27 21 17 14 36 22 18 22 15 25 30 24 28 33 35 41 45 39 30 33 39 54 35 42 49 50 46 56 45 39 43 50 66 68 69
28 18 28 19 17 12 19 10 0 14 22 12 10 14 30 24 23 25 13 18 32 26 22 18 19 21 26 28 32 29 31 37 41 43 32 29 35 50 39 38 45 46 50 52 49 43 43 46 62 64 65
36 26 20 11 25 20 11 18 14 0 14 20 12 8 22 32 15 33 13 26 24 34 30 18 27 21 18 36 40 27 23 29 33 51 38 33 31 42 47 36 37 38 58 44 57 51 49 40 54 56 57
48 38 10 17 37 32 13 26 22 14 0 28 20 16 10 40 9 41 21 34 12 42 38 26 35 29 24 44 48 35 31 29 27 59 46 41 39 30 55 44 37 42 66 40 65 59 57 48 42 44 45
28 18 38 29 17 12 29 8 12 20 28 0 14 18 34 16 27 15 15 8 32 16 12 18 11 21 26 18 22 29 31 37 41 33 26 29 35 50 29 38 45 46 40 52 39 35 39 46 62 64 65
36 26 30 21 25 20 21 14 10 12 20 14 0 10 26 24 19 23 5 16 24 24 20 10 17 13 18 26 30 23 23 29 33 41 28 23 29 42 37 32 37 38 48 44 47 41 39 38 54 56 57
40 30 26 17 29 24 17 18 14 8 16 18 10 0 22 28 15 27 7 20 20 28 24 12 21 15 14 30 34 21 19 25 29 45 32 27 25 38 41 30 33 34 52 40 51 45 43 34 50 52 53
56 46 18 25 45 40 21 34 30 22 10 34 26 22 0 44 15 43 23 36 12 44 40 28 37 31 26 46 50 37 33 31 27 61 48 43 41 30 57 46 39 44 68 40 67 61 59 50 40 36 37
18 22 50 41 17 22 41 20 24 32 40 16 24 28 44 0 35 1 23 16 40 10 14 26 19 29 34 22 24 37 39 45 49 21 34 37 43 58 35 46 53 54 34 60 37 43 47 54 70 72 73
49 39 19 18 38 33 14 27 23 15 9 27 19 15 15 35 0 34 14 27 11 35 31 19 28 22 17 37 41 28 24 22 22 52 39 34 32 29 48 37 30 35 59 33 58 52 50 41 41 43 44
19 23 51 42 18 23 42 21 25 33 41 15 23 27 43 1 34 0 22 15 39 9 13 25 18 28 33 21 23 36 38 44 48 20 33 36 42 57 34 45 52 53 33 59 36 42 46 53 69 71 72
39 29 31 22 28 23 22 17 13 13 21 15 5 7 23 23 14 22 0 15 19 23 19 7 16 10 13 25 29 20 18 24 28 40 27 22 24 37 36 29 32 33 47 39 46 40 38 33 49 51 52
34 24 44 35 23 18 35 14 18 26 34 8 16 20 36 16 27 15 15 0 30 14 10 16 5 15 20 12 16 23 25 31 35 27 20 23 29 44 23 32 39 40 34 46 33 29 33 40 56 58 59
58 48 20 27 47 42 23 36 32 24 12 32 24 20 12 40 11 39 19 30 0 38 34 22 27 21 16 36 40 27 23 21 17 51 38 33 31 20 47 36 29 34 58 30 57 51 49 40 32 34 35
28 24 52 43 19 24 43 22 26 34 42 16 24 28 44 10 35 9 23 14 38 0 10 22 13 21 26 14 16 29 31 37 41 19 26 29 35 50 27 38 45 46 28 52 29 35 39 46 62 64 65
32 22 48 39 21 20 39 18 22 30 38 12 20 24 40 14 31 13 19 10 34 10 0 18 9 17 22 14 16 25 27 33 37 23 22 25 31 46 25 34 41 42 30 48 29 31 35 42 58 60 61
44 34 36 27 33 28 27 22 18 18 26 18 10 12 28 26 19 25 7 16 22 22 18 0 11 5 10 20 24 17 15 21 25 35 22 17 21 34 31 26 29 30 42 36 41 35 33 30 46 48 49
37 27 45 36 26 21 36 15 19 27 35 11 17 21 37 19 28 18 16 5 27 13 9 11 0 10 15 11 15 18 20 26 30 26 17 18 24 39 22 27 34 35 33 41 32 26 30 35 51 53 54
47 37 39 30 36 31 30 25 21 21 29 21 13 15 31 29 22 28 10 15 21 21 17 5 10 0 7 17 21 14 12 18 22 32 19 14 18 31 28 23 26 27 39 33 38 32 30 27 43 45 46
52 42 34 25 41 36 25 30 26 18 24 26 18 14 26 34 17 33 13 20 16 26 22 10 15 7 0 20 24 11 7 13 17 35 22 17 15 26 31 20 21 22 42 28 41 35 33 24 38 40 41
40 32 54 45 31 28 45 24 28 36 44 18 26 30 46 22 37 21 25 12 36 14 14 20 11 17 20 0 10 17 19 25 29 17 14 17 23 38 17 26 33 34 24 40 23 23 27 34 50 52 53
42 34 58 49 33 32 49 28 32 40 48 22 30 34 50 24 41 23 29 16 40 16 16 24 15 21 24 10 0 15 19 23 27 13 12 15 21 36 15 24 31 32 20 38 19 21 25 32 48 50 51
55 45 45 36 44 39 36 33 29 27 35 29 23 21 37 37 28 36 20 23 27 29 25 17 18 14 11 17 15 0 6 10 14 26 13 8 10 23 22 15 18 19 33 25 32 26 24 19 35 37 38
57 47 41 32 46 41 32 35 31 23 31 31 23 19 33 39 24 38 18 25 23 31 27 15 20 12 7 19 19 6 0 6 10 30 17 12 10 19 26 15 16 17 37 21 36 30 28 19 31 33 34
63 53 39 34 52 47 32 41 37 29 29 37 29 25 31 45 22 44 24 31 21 37 33 21 26 18 13 25 23 10 6 0 6 32 19 14 12 13 28 17 10 15 39 15 38 32 30 21 25 27 28
67 57 35 36 56 51 34 45 41 33 27 41 33 29 27 49 22 48 28 35 17 41 37 25 30 22 17 29 27 14 10 6 0 36 23 18 16 11 32 21 14 19 43 17 42 36 34 25 23 25 26
37 41 69 60 36 41 60 39 43 51 59 33 41 45 61 21 52 20 40 27 51 19 23 35 26 32 35 17 13 26 30 32 36 0 15 20 24 39 16 27 34 35 15 41 18 24 28 35 51 53 54
52 42 56 47 41 36 47 30 32 38 46 26 28 32 48 34 39 33 27 20 38 26 22 22 17 19 22 14 12 13 17 19 23 15 0 7 11 26 11 14 21 22 22 28 21 15 19 22 38 40 41
55 45 51 42 44 39 42 33 29 33 41 29 23 27 43 37 34 36 22 23 33 29 25 17 18 14 17 17 15 8 12 14 18 20 7 0 6 21 16 11 16 17 27 23 26 20 18 17 33 35 36
61 51 49 40 50 45 40 39 35 31 39 35 29 25 41 43 32 42 24 29 31 35 31 21 24 18 15 23 21 10 10 12 16 24 11 6 0 15 18 7 10 11 29 17 28 22 20 11 27 29 30
76 66 38 45 65 60 41 54 50 42 30 50 42 38 30 58 29 57 37 44 20 50 46 34 39 31 26 38 36 23 19 13 11 39 26 21 15 0 27 16 9 14 38 12 37 31 29 20 14 16 17
53 45 65 56 44 39 56 35 39 47 55 29 37 41 57 35 48 34 36 23 47 27 25 31 22 28 31 17 15 22 26 28 32 16 11 16 18 27 0 13 20 19 13 25 12 8 12 19 35 37 38
64 54 54 45 53 48 45 42 38 36 44 38 32 30 46 46 37 45 29 32 36 38 34 26 27 23 20 26 24 15 15 17 21 27 14 11 7 16 13 0 9 10 24 16 23 17 15 10 26 28 29
71 61 47 42 60 55 40 49 45 37 37 45 37 33 39 53 30 52 32 39 29 45 41 29 34 26 21 33 31 18 16 10 14 34 21 16 10 9 20 9 0 7 31 7 30 24 22 13 17 19 20
72 62 52 47 61 56 45 50 46 38 42 46 38 34 44 54 35 53 33 40 34 46 42 30 35 27 22 34 32 19 17 15 19 35 22 17 11 14 19 10 7 0 26 8 25 19 17 8 18 20 21
50 48 76 67 45 48 67 46 50 58 66 40 48 52 68 34 59 33 47 34 58 28 30 42 33 39 42 24 20 33 37 39 43 15 22 27 29 38 13 24 31 26 0 30 7 13 17 24 40 42 43
78 68 48 47 67 62 45 56 52 44 40 52 44 40 40 60 33 59 39 46 30 52 48 36 41 33 28 40 38 25 21 15 17 41 28 23 17 12 25 16 7 8 30 0 27 21 19 12 12 14 15
55 47 75 66 46 47 66 45 49 57 65 39 47 51 67 37 58 36 46 33 57 29 29 41 32 38 41 23 19 32 36 38 42 18 21 26 28 37 12 23 30 25 7 27 0 8 10 17 33 35 38
61 51 69 60 50 45 60 39 43 51 59 35 41 45 61 43 52 42 40 29 51 35 31 35 26 32 35 23 21 26 30 32 36 24 15 20 22 31 8 17 24 19 13 21 8 0 4 11 27 29 32
65 55 67 58 54 49 58 43 43 49 57 39 39 43 59 47 50 46 38 33 49 39 35 33 30 30 33 27 25 24 28 30 34 28 19 18 20 29 12 15 22 17 17 19 10 4 0 9 25 27 30
72 62 58 49 61 56 49 50 46 40 48 46 38 34 50 54 41 53 33 40 40 46 42 30 35 27 24 34 32 19 19 21 25 35 22 17 11 20 19 10 13 8 24 12 17 11 9 0 18 20 23
88 78 50 57 77 72 53 66 62 54 42 62 54 50 40 70 41 69 49 56 32 62 58 46 51 43 38 50 48 35 31 25 23 51 38 33 27 14 35 26 17 18 40 12 33 27 25 18 0 4 7
90 80 52 59 79 74 55 68 64 56 44 64 56 52 36 72 43 71 51 58 34 64 60 48 53 45 40 52 50 37 33 27 25 53 40 35 29 16 37 28 19 20 42 14 35 29 27 20 4 0 3
91 81 53 60 80 75 56 69 65 57 45 65 57 53 37 73 44 72 52 59 35 65 61 49 54 46 41 53 51 38 34 28 26 54 41 36 30 17 38 29 20 21 43 15 38 32 30 23 7 3 0
0 6 6 7 1 5 8 1 1 1 9 3 6 7 10 2 4 3 5 9 8 4 9 3 3 2 5 1 7 8 5 7 1 5 7 1 7 5 9 4 5 1 1 9 9 5 3 9 8 3 8
24 0 0 0 0 0 0 0 0 0 0 0 0 0 0 0 0 0 0 0 0 0 0 0 0 0 0 0 0 0 0 0 0 0 0 0 0 0 0 0 0 0 0 0 0 0 0 0 0 0 0
