0 36 40 12 40 33 11 18 35 58 24 28 36 36 40 56 18 49 19 20 31 39 34 58 28 32 44 59 36 57 47 52 53 58 40 42 54 55 56 57 63 67 55 46 61 76 53 64 71 72 50 66 78 54 55 61 65 72 88 90 91
36 0 6 30 6 11 33 28 9 24 30 26 18 28 24 22 48 17 47 46 37 29 42 24 50 46 34 25 44 23 37 32 31 30 52 56 42 41 40 39 37 37 49 62 47 42 63 52 45 50 74 58 48 74 73 67 65 56 54 56 57
40 6 0 34 4 15 37 32 13 20 34 30 22 32 28 18 52 21 51 50 41 33 46 22 54 50 38 23 48 27 41 36 35 34 56 60 46 45 44 43 41 37 53 66 51 40 67 56 49 54 78 62 50 78 77 71 69 60 50 52 53
12 30 34 0 34 27 7 8 27 48 14 18 26 26 30 46 22 39 21 20 21 29 24 48 24 22 34 49 26 47 37 42 43 48 32 34 44 45 46 47 53 57 45 38 51 66 45 54 61 62 48 56 68 48 47 51 55 62 78 80 81
40 6 4 34 0 15 35 30 11 20 32 28 20 30 26 18 50 19 49 48 39 31 44 20 52 48 36 21 46 25 39 34 33 32 54 58 44 43 42 41 39 35 51 64 49 38 65 54 47 52 76 60 48 76 75 69 67 58 50 52 53
33 11 15 27 15 0 26 21 4 27 23 19 11 21 17 25 41 18 40 39 30 22 35 27 43 39 27 28 37 26 30 25 24 27 45 49 35 34 33 32 34 36 42 55 40 45 56 45 42 47 67 51 47 67 66 60 58 49 57 59 60
11 33 37 7 35 26 0 7 26 47 13 17 25 25 29 45 17 38 16 15 20 28 23 47 19 21 33 48 25 46 36 41 42 47 31 33 43 44 45 46 52 56 44 37 50 65 44 53 60 61 45 55 67 45 46 50 54 61 77 79 80
18 28 32 8 30 21 7 0 21 42 8 12 20 20 24 40 22 33 21 20 15 23 18 42 24 20 28 43 20 41 31 36 37 42 28 32 38 39 40 41 47 51 39 38 45 60 39 48 55 56 48 50 62 48 47 45 49 56 72 74 75
35 9 13 27 11 4 26 21 0 23 23 19 11 21 17 21 41 14 40 39 30 22 35 23 43 39 27 24 37 22 30 25 24 25 45 49 35 34 33 32 32 34 42 55 40 41 56 45 40 45 67 51 45 67 66 60 58 49 53 55 56
58 24 20 48 20 27 47 42 23 0 42 38 30 36 32 16 56 25 55 54 45 37 50 26 58 54 42 27 52 31 45 40 39 38 60 64 50 49 48 47 45 41 57 70 55 44 71 60 53 58 82 66 54 82 81 75 73 64 50 46 45
24 30 34 14 32 23 13 8 23 42 0 10 18 14 18 34 20 27 19 18 9 17 14 36 22 18 22 37 16 35 25 30 31 36 24 28 32 33 34 35 41 45 33 34 39 54 35 42 49 50 46 44 56 46 45 39 43 50 66 68 69
28 26 30 18 28 19 17 12 19 38 10 0 14 10 14 30 24 23 23 22 13 13 18 32 26 22 18 33 20 31 21 26 27 32 28 32 28 29 30 31 37 41 29 38 35 50 39 38 45 46 50 40 52 50 49 43 43 46 62 64 65
36 18 22 26 20 11 25 20 11 30 18 14 0 12 8 22 32 15 31 30 21 13 26 24 34 30 18 25 28 23 21 18 19 24 36 40 26 25 24 23 29 33 33 46 31 42 47 36 37 38 58 42 44 58 57 51 49 40 54 56 57
36 28 32 26 30 21 25 20 21 36 14 10 12 0 10 26 24 19 23 22 11 5 16 24 24 20 10 25 18 23 13 18 19 24 26 30 22 23 22 23 29 33 23 36 29 42 37 32 37 38 48 34 44 48 47 41 39 38 54 56 57
40 24 28 30 26 17 29 24 17 32 18 14 8 10 0 22 28 15 27 26 15 7 20 20 28 24 12 21 22 19 15 14 15 20 30 34 20 19 18 19 25 29 27 40 25 38 41 30 33 34 52 36 40 52 51 45 43 34 50 52 53
56 22 18 46 18 25 45 40 21 16 34 30 22 26 22 0 44 15 43 42 31 23 36 12 44 40 28 13 38 17 31 26 25 24 46 50 36 35 34 33 31 27 43 56 41 30 57 46 39 44 68 52 40 68 67 61 59 50 40 36 37
18 48 52 22 50 41 17 22 41 56 20 24 32 24 28 44 0 35 1 2 15 23 16 40 10 14 26 41 18 39 29 34 35 40 22 24 36 37 38 39 45 49 37 28 43 58 35 46 53 54 34 48 60 36 37 43 47 54 70 72 73
49 17 21 39 19 18 38 33 14 25 27 23 15 19 15 15 35 0 34 33 22 14 27 11 35 31 19 12 29 10 22 17 16 15 37 41 27 26 25 24 22 22 34 47 32 29 48 37 30 35 59 43 33 59 58 52 50 41 41 43 44
19 47 51 21 49 40 16 21 40 55 19 23 31 23 27 43 1 34 0 1 14 22 15 39 9 13 25 40 17 38 28 33 34 39 21 23 35 36 37 38 44 48 36 27 42 57 34 45 52 53 33 47 59 35 36 42 46 53 69 71 72
20 46 50 20 48 39 15 20 39 54 18 22 30 22 26 42 2 33 1 0 13 21 14 38 8 12 24 39 16 37 27 32 33 38 20 22 34 35 36 37 43 47 35 26 41 56 33 44 51 52 34 46 58 34 35 41 45 52 68 70 71
31 37 41 21 39 30 20 15 30 45 9 13 21 11 15 31 15 22 14 13 0 10 7 27 15 11 13 28 9 26 16 21 22 27 17 21 23 24 25 26 32 36 24 27 30 45 28 33 40 41 39 35 47 39 38 32 36 41 57 59 60
39 29 33 29 31 22 28 23 22 37 17 13 13 5 7 23 23 14 22 21 10 0 15 19 23 19 7 20 17 18 10 13 14 19 25 29 19 18 17 18 24 28 22 35 24 37 36 29 32 33 47 33 39 47 46 40 38 33 49 51 52
34 42 46 24 44 35 23 18 35 50 14 18 26 16 20 36 16 27 15 14 7 15 0 30 14 10 16 31 4 27 15 20 21 26 12 16 22 23 24 25 31 35 23 22 29 44 23 32 39 40 34 34 46 34 33 29 33 40 56 58 59
58 24 22 48 20 27 47 42 23 26 36 32 24 24 20 12 40 11 39 38 27 19 30 0 38 34 22 1 30 7 21 16 15 14 36 40 26 25 24 23 21 17 33 46 31 20 47 36 29 34 58 42 30 58 57 51 49 40 32 34 35
28 50 54 24 52 43 19 24 43 58 22 26 34 24 28 44 10 35 9 8 15 23 14 38 0 10 22 37 10 33 21 26 27 32 14 16 28 29 30 31 37 41 29 20 35 50 27 38 45 46 28 40 52 28 29 35 39 46 62 64 65
32 46 50 22 48 39 21 20 39 54 18 22 30 20 24 40 14 31 13 12 11 19 10 34 10 0 18 33 6 29 17 22 23 28 14 16 24 25 26 27 33 37 25 20 31 46 25 34 41 42 30 36 48 30 29 31 35 42 58 60 61
44 34 38 34 36 27 33 28 27 42 22 18 18 10 12 28 26 19 25 24 13 7 16 22 22 18 0 21 14 17 5 10 11 16 20 24 16 15 14 15 21 25 17 30 21 34 31 26 29 30 42 28 36 42 41 35 33 30 46 48 49
59 25 23 49 21 28 48 43 24 27 37 33 25 25 21 13 41 12 40 39 28 20 31 1 37 33 21 0 29 6 20 15 14 13 35 39 25 24 23 22 20 16 32 45 30 19 46 35 28 33 57 41 29 57 56 50 48 39 31 33 34
36 44 48 26 46 37 25 20 37 52 16 20 28 18 22 38 18 29 17 16 9 17 4 30 10 6 14 29 0 25 13 18 19 24 10 14 20 21 22 23 29 33 21 20 27 42 21 30 37 38 30 32 44 30 29 27 31 38 54 56 57
57 23 27 47 25 26 46 41 22 31 35 31 23 23 19 17 39 10 38 37 26 18 27 7 33 29 17 6 25 0 16 11 10 9 31 35 21 20 19 18 16 16 28 41 26 19 42 31 24 29 53 37 27 53 52 46 44 35 31 33 34
47 37 41 37 39 30 36 31 30 45 25 21 21 13 15 31 29 22 28 27 16 10 15 21 21 17 5 20 13 16 0 7 8 13 17 21 13 12 11 12 18 22 14 27 18 31 28 23 26 27 39 25 33 39 38 32 30 27 43 45 46
52 32 36 42 34 25 41 36 25 40 30 26 18 18 14 26 34 17 33 32 21 13 20 16 26 22 10 15 18 11 7 0 1 8 20 24 10 9 8 7 13 17 17 30 15 26 31 20 21 22 42 26 28 42 41 35 33 24 38 40 41
53 31 35 43 33 24 42 37 24 39 31 27 19 19 15 25 35 16 34 33 22 14 21 15 27 23 11 14 19 10 8 1 0 7 21 25 11 10 9 8 14 16 18 31 16 25 32 21 22 23 43 27 27 43 42 36 34 25 37 39 40
58 30 34 48 32 27 47 42 25 38 36 32 24 24 20 24 40 15 39 38 27 19 26 14 32 28 16 13 24 9 13 8 7 0 22 26 12 11 10 9 9 11 19 32 17 20 33 22 17 22 44 28 22 44 43 37 35 26 32 34 35
40 52 56 32 54 45 31 28 45 60 24 28 36 26 30 46 22 37 21 20 17 25 12 36 14 14 20 35 10 31 17 20 21 22 0 10 16 17 18 19 25 29 17 14 23 38 17 26 33 34 24 28 40 24 23 23 27 34 50 52 53
42 56 60 34 58 49 33 32 49 64 28 32 40 30 34 50 24 41 23 22 21 29 16 40 16 16 24 39 14 35 21 24 25 26 10 0 14 15 16 19 23 27 15 10 21 36 15 24 31 32 20 26 38 20 19 21 25 32 48 50 51
54 42 46 44 44 35 43 38 35 50 32 28 26 22 20 36 36 27 35 34 23 19 22 26 28 24 16 25 20 21 13 10 11 12 16 14 0 1 2 5 11 15 7 20 11 24 21 16 19 20 32 18 26 32 31 25 23 20 36 38 39
55 41 45 45 43 34 44 39 34 49 33 29 25 23 19 35 37 26 36 35 24 18 23 25 29 25 15 24 21 20 12 9 10 11 17 15 1 0 1 4 10 14 8 21 10 23 22 15 18 19 33 19 25 33 32 26 24 19 35 37 38
56 40 44 46 42 33 45 40 33 48 34 30 24 22 18 34 38 25 37 36 25 17 24 24 30 26 14 23 22 19 11 8 9 10 18 16 2 1 0 3 9 13 9 22 9 22 23 14 17 18 34 20 24 34 33 27 25 18 34 36 37
57 39 43 47 41 32 46 41 32 47 35 31 23 23 19 33 39 24 38 37 26 18 25 23 31 27 15 22 23 18 12 7 8 9 19 19 5 4 3 0 6 10 12 25 10 19 26 15 16 17 37 21 21 37 36 30 28 19 31 33 34
63 37 41 53 39 34 52 47 32 45 41 37 29 29 25 31 45 22 44 43 32 24 31 21 37 33 21 20 29 16 18 13 14 9 25 23 11 10 9 6 0 6 14 27 12 13 28 17 10 15 39 23 15 39 38 32 30 21 25 27 28
67 37 37 57 35 36 56 51 34 41 45 41 33 33 29 27 49 22 48 47 36 28 35 17 41 37 25 16 33 16 22 17 16 11 29 27 15 14 13 10 6 0 18 31 16 11 32 21 14 19 43 27 17 43 42 36 34 25 23 25 26
55 49 53 45 51 42 44 39 42 57 33 29 33 23 27 43 37 34 36 35 24 22 23 33 29 25 17 32 21 28 14 17 18 19 17 15 7 8 9 12 14 18 0 15 6 21 16 11 16 17 27 13 23 27 26 20 18 17 33 35 36
46 62 66 38 64 55 37 38 55 70 34 38 46 36 40 56 28 47 27 26 27 35 22 46 20 20 30 45 20 41 27 30 31 32 14 10 20 21 22 25 27 31 15 0 17 32 9 20 27 28 12 22 34 12 11 17 21 28 44 46 47
61 47 51 51 49 40 50 45 40 55 39 35 31 29 25 41 43 32 42 41 30 24 29 31 35 31 21 30 27 26 18 15 16 17 23 21 11 10 9 10 12 16 6 17 0 15 18 7 10 11 29 13 17 29 28 22 20 11 27 29 30
76 42 40 66 38 45 65 60 41 44 54 50 42 42 38 30 58 29 57 56 45 37 44 20 50 46 34 19 42 19 31 26 25 20 38 36 24 23 22 19 13 11 21 32 15 0 27 16 9 14 38 22 12 38 37 31 29 20 14 16 17
53 63 67 45 65 56 44 39 56 71 35 39 47 37 41 57 35 48 34 33 28 36 23 47 27 25 31 46 21 42 28 31 32 33 17 15 21 22 23 26 28 32 16 9 18 27 0 13 20 19 13 13 25 13 12 8 12 19 35 37 38
64 52 56 54 54 45 53 48 45 60 42 38 36 32 30 46 46 37 45 44 33 29 32 36 38 34 26 35 30 31 23 20 21 22 26 24 16 15 14 15 17 21 11 20 7 16 13 0 9 10 24 10 16 24 23 17 15 10 26 28 29
71 45 49 61 47 42 60 55 40 53 49 45 37 37 33 39 53 30 52 51 40 32 39 29 45 41 29 28 37 24 26 21 22 17 33 31 19 18 17 16 10 14 16 27 10 9 20 9 0 7 31 15 7 31 30 24 22 13 17 19 20
72 50 54 62 52 47 61 56 45 58 50 46 38 38 34 44 54 35 53 52 41 33 40 34 46 42 30 33 38 29 27 22 23 22 34 32 20 19 18 17 15 19 17 28 11 14 19 10 7 0 26 10 8 26 25 19 17 8 18 20 21
50 74 78 48 76 67 45 48 67 82 46 50 58 48 52 68 34 59 33 34 39 47 34 58 28 30 42 57 30 53 39 42 43 44 24 20 32 33 34 37 39 43 27 12 29 38 13 24 31 26 0 18 30 6 7 13 17 24 40 42 43
66 58 62 56 60 51 55 50 51 66 44 40 42 34 36 52 48 43 47 46 35 33 34 42 40 36 28 41 32 37 25 26 27 28 28 26 18 19 20 21 23 27 13 22 13 22 13 10 15 10 18 0 14 18 15 9 7 8 24 26 27
78 48 50 68 48 47 67 62 45 54 56 52 44 44 40 40 60 33 59 58 47 39 46 30 52 48 36 29 44 27 33 28 27 22 40 38 26 25 24 21 15 17 23 34 17 12 25 16 7 8 30 14 0 30 27 21 19 12 12 14 15
54 74 78 48 76 67 45 48 67 82 46 50 58 48 52 68 36 59 35 34 39 47 34 58 28 30 42 57 30 53 39 42 43 44 24 20 32 33 34 37 39 43 27 12 29 38 13 24 31 26 6 18 30 0 3 11 13 20 36 38 41
55 73 77 47 75 66 46 47 66 81 45 49 57 47 51 67 37 58 36 35 38 46 33 57 29 29 41 56 29 52 38 41 42 43 23 19 31 32 33 36 38 42 26 11 28 37 12 23 30 25 7 15 27 3 0 8 10 17 33 35 38
61 67 71 51 69 60 50 45 60 75 39 43 51 41 45 61 43 52 42 41 32 40 29 51 35 31 35 50 27 46 32 35 36 37 23 21 25 26 27 30 32 36 20 17 22 31 8 17 24 19 13 9 21 11 8 0 4 11 27 29 32
65 65 69 55 67 58 54 49 58 73 43 43 49 39 43 59 47 50 46 45 36 38 33 49 39 35 33 48 31 44 30 33 34 35 27 25 23 24 25 28 30 34 18 21 20 29 12 15 22 17 17 7 19 13 10 4 0 9 25 27 30
72 56 60 62 58 49 61 56 49 64 50 46 40 38 34 50 54 41 53 52 41 33 40 40 46 42 30 39 38 35 27 24 25 26 34 32 20 19 18 19 21 25 17 28 11 20 19 10 13 8 24 8 12 20 17 11 9 0 18 20 23
88 54 50 78 50 57 77 72 53 50 66 62 54 54 50 40 70 41 69 68 57 49 56 32 62 58 46 31 54 31 43 38 37 32 50 48 36 35 34 31 25 23 33 44 27 14 35 26 17 18 40 24 12 36 33 27 25 18 0 4 7
90 56 52 80 52 59 79 74 55 46 68 64 56 56 52 36 72 43 71 70 59 51 58 34 64 60 48 33 56 33 45 40 39 34 52 50 38 37 36 33 27 25 35 46 29 16 37 28 19 20 42 26 14 38 35 29 27 20 4 0 3
91 57 53 81 53 60 80 75 56 45 69 65 57 57 53 37 73 44 72 71 60 52 59 35 65 61 49 34 57 34 46 41 40 35 53 51 39 38 37 34 28 26 36 47 30 17 38 29 20 21 43 27 15 41 38 32 30 23 7 3 0
0 3 6 7 10 2 4 3 5 9 8 4 9 3 3 2 5 1 7 8 5 7 1 5 7 1 7 5 9 4 5 1 1 9 9 5 3 9 8 3 8 5 3 8 8 6 1 7 6 10 8 3 4 1 6 5 3 5 6 10 2
29 0 0 0 0 0 0 0 0 0 0 0 0 0 0 0 0 0 0 0 0 0 0 0 0 0 0 0 0 0 0 0 0 0 0 0 0 0 0 0 0 0 0 0 0 0 0 0 0 0 0 0 0 0 0 0 0 0 0 0 0
