0 28 37 6 21 31 32 42 30 34 42 50 15 34 27 20 49 56 49 30 31 38 47 31 59 56 61 35 42 48 32 62 74 55 61 67 72 80 39 73 49 72 74 82 60 61 53 70 80 83 87 69 50 56 48 62 75 55 56 76 83
28 0 11 30 15 5 6 16 10 8 16 24 29 10 19 28 23 30 23 34 33 30 21 39 33 30 35 41 34 28 50 36 48 35 35 41 46 54 53 47 47 46 48 56 40 39 51 44 54 57 61 43 62 56 68 54 49 65 64 50 57
37 11 0 39 24 14 13 5 21 17 9 13 40 21 30 39 18 19 20 45 44 41 32 50 22 27 24 52 45 39 61 31 37 46 40 34 35 43 64 36 58 35 37 45 51 50 62 45 43 46 50 50 73 67 79 65 52 76 75 57 50
6 30 39 0 21 29 30 38 26 30 38 46 11 30 23 16 45 52 45 26 27 34 43 27 55 52 57 31 38 44 28 58 70 51 57 63 68 76 35 69 45 68 70 78 56 57 49 66 76 79 83 65 46 52 44 58 71 51 52 72 79
21 15 24 21 0 14 15 23 11 15 23 31 18 15 8 17 30 37 30 23 22 19 28 28 40 37 42 30 23 29 39 43 55 36 42 48 53 61 42 54 36 53 55 63 41 42 40 51 61 64 68 50 51 45 57 47 56 54 53 57 64
31 5 14 29 14 0 1 11 7 3 11 19 26 7 16 25 18 25 18 31 30 27 18 36 28 25 30 38 31 25 47 31 43 32 32 36 41 49 50 42 44 41 43 51 37 36 48 39 49 52 56 40 59 53 65 51 46 62 61 47 52
32 6 13 30 15 1 0 10 8 4 10 18 27 8 17 26 17 24 17 32 31 28 19 37 27 24 29 39 32 26 48 30 42 33 33 35 40 48 51 41 45 40 42 50 38 37 49 38 48 51 55 41 60 54 66 52 45 63 62 48 51
42 16 5 38 23 11 10 0 16 12 4 10 35 16 25 34 13 16 15 40 39 36 27 45 19 22 21 47 40 34 56 28 34 41 35 31 32 40 59 33 53 32 34 42 46 45 57 40 40 43 47 45 68 62 74 60 47 71 70 52 47
30 10 21 26 11 7 8 16 0 6 14 22 21 6 11 20 21 28 21 24 23 20 19 29 31 28 33 31 24 20 40 34 46 31 33 39 44 52 43 45 37 44 46 54 36 35 41 42 52 55 59 41 52 46 58 44 47 55 54 48 55
34 8 17 30 15 3 4 12 6 0 10 18 25 4 15 24 17 24 17 28 27 24 15 33 27 24 29 35 28 22 44 30 42 29 29 35 40 48 47 41 41 40 42 50 34 33 45 38 48 51 55 37 56 50 62 48 43 59 58 44 51
42 16 9 38 23 11 10 4 14 10 0 10 33 14 23 32 9 16 11 36 35 32 23 41 19 18 21 43 36 30 52 26 34 37 31 31 32 40 55 33 49 32 34 42 42 41 53 36 40 43 47 41 64 58 70 56 43 67 66 48 47
50 24 13 46 31 19 18 10 22 18 10 0 41 22 31 40 17 10 19 44 43 40 31 49 21 26 21 51 44 38 60 30 26 45 39 33 30 32 63 31 57 34 32 34 50 49 61 44 38 35 39 49 72 66 78 64 51 75 74 56 49
15 29 40 11 18 26 27 35 21 25 33 41 0 25 18 7 36 43 36 17 18 25 34 18 46 43 48 22 29 35 25 49 61 42 48 54 59 67 28 60 36 59 61 69 47 48 40 57 67 70 74 56 37 43 43 49 62 42 43 63 70
34 10 21 30 15 7 8 16 6 4 14 22 25 0 15 22 17 24 17 26 25 22 15 31 27 24 29 33 26 20 42 30 42 27 29 35 40 48 45 41 39 40 42 50 32 31 43 38 48 51 55 37 54 48 60 46 43 57 56 44 51
27 19 30 23 8 16 17 25 11 15 23 31 18 15 0 13 24 31 24 17 16 13 22 22 34 31 36 24 17 23 33 37 49 30 36 42 47 55 36 48 30 47 49 57 35 36 34 45 55 58 62 44 45 39 51 41 50 48 47 51 58
20 28 39 16 17 25 26 34 20 24 32 40 7 22 13 0 31 38 31 12 13 20 29 13 41 38 43 17 24 30 24 44 56 37 43 49 54 62 27 55 31 54 56 64 42 43 35 52 62 65 69 51 36 38 42 44 57 39 40 58 65
49 23 18 45 30 18 17 13 21 17 9 17 36 17 24 31 0 13 4 29 28 25 16 34 12 11 14 36 29 23 45 19 27 30 24 24 25 33 48 26 42 25 27 35 35 34 46 29 33 36 40 34 57 51 63 49 36 60 59 41 40
56 30 19 52 37 25 24 16 28 24 16 10 43 24 31 38 13 0 15 36 35 32 23 41 13 18 13 43 36 30 52 22 20 37 31 25 24 26 55 25 49 26 26 28 42 41 53 36 32 29 33 41 64 58 70 56 43 67 66 48 41
49 23 20 45 30 18 17 15 21 17 11 19 36 17 24 31 4 15 0 27 26 23 14 32 12 9 14 34 27 21 43 17 27 28 22 22 25 33 46 26 40 25 27 35 33 32 44 27 33 36 40 32 55 49 61 47 34 58 57 39 38
30 34 45 26 23 31 32 40 24 28 36 44 17 26 17 12 29 36 27 0 1 10 19 5 31 26 33 7 12 18 16 32 44 25 31 37 42 50 19 43 19 42 44 52 30 31 23 40 50 53 57 39 28 26 34 32 45 31 32 46 53
31 33 44 27 22 30 31 39 23 27 35 43 18 25 16 13 28 35 26 1 0 9 18 6 30 25 32 8 11 17 17 31 43 24 30 36 41 49 20 42 18 41 43 51 29 30 22 39 49 52 56 38 29 25 35 31 44 32 33 45 52
38 30 41 34 19 27 28 36 20 24 32 40 25 22 13 20 25 32 23 10 9 0 15 15 27 20 27 13 6 12 22 26 38 19 25 31 36 44 25 37 19 36 38 46 24 25 23 34 44 47 51 33 34 28 40 30 39 37 36 40 47
47 21 32 43 28 18 19 27 19 15 23 31 34 15 22 29 16 23 14 19 18 15 0 24 18 11 18 22 15 9 31 17 29 16 16 22 27 35 34 28 28 27 29 37 21 20 32 25 35 38 42 24 43 37 49 35 30 46 45 31 38
31 39 50 27 28 36 37 45 29 33 41 49 18 31 22 13 34 41 32 5 6 15 24 0 34 27 34 6 13 19 13 33 45 26 32 38 43 51 16 44 20 43 45 53 31 32 24 41 51 54 58 40 25 27 31 33 46 28 29 47 54
59 33 22 55 40 28 27 19 31 27 19 21 46 27 34 41 12 13 12 31 30 27 18 34 0 9 4 32 25 19 41 11 17 26 20 14 15 23 44 16 38 15 17 25 31 30 42 25 23 26 30 30 53 47 59 45 32 56 55 37 30
56 30 27 52 37 25 24 22 28 24 18 26 43 24 31 38 11 18 9 26 25 20 11 27 9 0 9 25 18 12 34 8 20 19 13 13 18 26 37 19 31 18 20 28 24 23 35 18 26 29 33 23 46 40 52 38 25 49 48 30 29
61 35 24 57 42 30 29 21 33 29 21 21 48 29 36 43 14 13 14 33 32 27 18 34 4 9 0 32 25 19 41 11 13 26 20 14 13 19 44 14 38 15 15 21 31 30 42 25 21 22 26 30 53 47 59 45 32 56 55 37 30
35 41 52 31 30 38 39 47 31 35 43 51 22 33 24 17 36 43 34 7 8 13 22 6 32 25 32 0 9 15 11 29 41 22 28 34 39 47 14 40 16 39 41 49 27 28 20 37 47 50 54 36 23 23 29 29 42 26 27 43 50
42 34 45 38 23 31 32 40 24 28 36 44 29 26 17 24 29 36 27 12 11 6 15 13 25 18 25 9 0 8 18 22 34 15 21 27 32 40 21 33 15 32 34 42 20 21 19 30 40 43 47 29 30 24 36 26 35 33 32 36 43
48 28 39 44 29 25 26 34 20 22 30 38 35 20 23 30 23 30 21 18 17 12 9 19 19 12 19 15 8 0 24 16 28 13 15 21 26 34 27 27 21 26 28 36 18 17 25 24 34 37 41 23 36 30 42 28 29 39 38 30 37
32 50 61 28 39 47 48 56 40 44 52 60 25 42 33 24 45 52 43 16 17 22 31 13 41 34 41 11 18 24 0 32 44 25 31 37 42 50 11 43 19 42 44 52 30 31 23 40 50 53 57 39 20 26 22 32 45 25 26 46 53
62 36 31 58 43 31 30 28 34 30 26 30 49 30 37 44 19 22 17 32 31 26 17 33 11 8 11 29 22 16 32 0 14 17 11 11 12 20 35 13 29 12 14 22 22 21 33 16 20 23 27 21 44 38 50 36 23 47 46 28 27
74 48 37 70 55 43 42 34 46 42 34 26 61 42 49 56 27 20 27 44 43 38 29 45 17 20 13 41 34 28 44 14 0 29 23 17 12 8 47 13 41 18 14 14 34 33 45 28 20 15 19 33 56 50 62 48 35 59 58 40 33
55 35 46 51 36 32 33 41 31 29 37 45 42 27 30 37 30 37 28 25 24 19 16 26 26 19 26 22 15 13 25 17 29 0 8 14 19 27 20 20 14 19 21 29 11 10 18 17 27 30 34 16 29 23 35 21 22 32 31 23 30
61 35 40 57 42 32 33 35 33 29 31 39 48 29 36 43 24 31 22 31 30 25 16 32 20 13 20 28 21 15 31 11 23 8 0 8 13 21 26 14 20 13 15 23 13 12 24 11 21 24 28 16 35 29 41 27 18 38 37 23 24
67 41 34 63 48 36 35 31 39 35 31 33 54 35 42 49 24 25 22 37 36 31 22 38 14 13 14 34 27 21 37 11 17 14 8 0 7 15 32 8 26 7 9 17 19 18 30 13 15 18 22 18 41 35 47 33 20 44 43 25 22
72 46 35 68 53 41 40 32 44 40 32 30 59 40 47 54 25 24 25 42 41 36 27 43 15 18 13 39 32 26 42 12 12 19 13 7 0 10 37 3 31 8 4 12 24 23 35 18 14 13 17 23 46 40 52 38 25 49 48 30 23
80 54 43 76 61 49 48 40 52 48 40 32 67 48 55 62 33 26 33 50 49 44 35 51 23 26 19 47 40 34 50 20 8 27 21 15 10 0 45 11 39 16 12 10 32 31 43 26 18 13 13 31 54 48 60 46 33 57 56 38 31
39 53 64 35 42 50 51 59 43 47 55 63 28 45 36 27 48 55 46 19 20 25 34 16 44 37 44 14 21 27 11 35 47 20 26 32 37 45 0 36 12 33 37 43 21 22 14 31 41 44 48 30 11 17 17 23 36 16 17 37 44
73 47 36 69 54 42 41 33 45 41 33 31 60 41 48 55 26 25 26 43 42 37 28 44 16 19 14 40 33 27 43 13 13 20 14 8 3 11 36 0 28 7 1 9 21 20 32 15 11 10 14 20 43 37 49 35 22 46 45 27 20
49 47 58 45 36 44 45 53 37 41 49 57 36 39 30 31 42 49 40 19 18 19 28 20 38 31 38 16 15 21 19 29 41 14 20 26 31 39 12 28 0 23 27 33 11 12 6 21 31 34 38 20 17 11 23 15 26 20 19 27 34
72 46 35 68 53 41 40 32 44 40 32 34 59 40 47 54 25 26 25 42 41 36 27 43 15 18 15 39 32 26 42 12 18 19 13 7 8 16 33 7 23 0 6 12 16 15 27 10 10 13 17 15 38 32 44 30 17 41 40 22 17
74 48 37 70 55 43 42 34 46 42 34 32 61 42 49 56 27 26 27 44 43 38 29 45 17 20 15 41 34 28 44 14 14 21 15 9 4 12 37 1 27 6 0 8 20 19 31 14 10 9 13 19 42 36 48 34 21 45 44 26 19
82 56 45 78 63 51 50 42 54 50 42 34 69 50 57 64 35 28 35 52 51 46 37 53 25 28 21 49 42 36 52 22 14 29 23 17 12 10 43 9 33 12 8 0 26 25 37 20 12 7 11 25 48 42 54 40 27 51 50 32 25
60 40 51 56 41 37 38 46 36 34 42 50 47 32 35 42 35 42 33 30 29 24 21 31 31 24 31 27 20 18 30 22 34 11 13 19 24 32 21 21 11 16 20 26 0 1 13 10 20 25 27 9 24 18 30 16 15 27 26 16 23
61 39 50 57 42 36 37 45 35 33 41 49 48 31 36 43 34 41 32 31 30 25 20 32 30 23 30 28 21 17 31 21 33 10 12 18 23 31 22 20 12 15 19 25 1 0 14 9 19 24 26 8 25 19 31 17 14 28 27 15 22
53 51 62 49 40 48 49 57 41 45 53 61 40 43 34 35 46 53 44 23 22 23 32 24 42 35 42 20 19 25 23 33 45 18 24 30 35 43 14 32 6 27 31 37 13 14 0 17 27 32 34 16 13 7 19 11 22 16 15 23 30
70 44 45 66 51 39 38 40 42 38 36 44 57 38 45 52 29 36 27 40 39 34 25 41 25 18 25 37 30 24 40 16 28 17 11 13 18 26 31 15 21 10 14 20 10 9 17 0 12 17 19 5 28 22 34 20 9 31 30 14 15
80 54 43 76 61 49 48 40 52 48 40 38 67 48 55 62 33 32 33 50 49 44 35 51 23 26 21 47 40 34 50 20 20 27 21 15 14 18 41 11 31 10 10 12 20 19 27 12 0 7 9 15 38 32 44 30 17 41 40 22 15
83 57 46 79 64 52 51 43 55 51 43 35 70 51 58 65 36 29 36 53 52 47 38 54 26 29 22 50 43 37 53 23 15 30 24 18 13 13 44 10 34 13 9 7 25 24 32 17 7 0 4 20 43 37 49 35 22 46 45 27 20
87 61 50 83 68 56 55 47 59 55 47 39 74 55 62 69 40 33 40 57 56 51 42 58 30 33 26 54 47 41 57 27 19 34 28 22 17 13 48 14 38 17 13 11 27 26 34 19 9 4 0 22 45 39 51 37 24 48 47 29 22
69 43 50 65 50 40 41 45 41 37 41 49 56 37 44 51 34 41 32 39 38 33 24 40 30 23 30 36 29 23 39 21 33 16 16 18 23 31 30 20 20 15 19 25 9 8 16 5 15 20 22 0 25 19 31 17 10 28 27 13 16
50 62 73 46 51 59 60 68 52 56 64 72 37 54 45 36 57 64 55 28 29 34 43 25 53 46 53 23 30 36 20 44 56 29 35 41 46 54 11 43 17 38 42 48 24 25 13 28 38 43 45 25 0 8 6 14 27 7 8 28 35
56 56 67 52 45 53 54 62 46 50 58 66 43 48 39 38 51 58 49 26 25 28 37 27 47 40 47 23 24 30 26 38 50 23 29 35 40 48 17 37 11 32 36 42 18 19 7 22 32 37 39 19 8 0 12 8 21 9 10 22 29
48 68 79 44 57 65 66 74 58 62 70 78 43 60 51 42 63 70 61 34 35 40 49 31 59 52 59 29 36 42 22 50 62 35 41 47 52 60 17 49 23 44 48 54 30 31 19 34 44 49 51 31 6 12 0 16 29 9 10 30 37
62 54 65 58 47 51 52 60 44 48 56 64 49 46 41 44 49 56 47 32 31 30 35 33 45 38 45 29 26 28 32 36 48 21 27 33 38 46 23 35 15 30 34 40 16 17 11 20 30 35 37 17 14 8 16 0 15 13 12 16 23
75 49 52 71 56 46 45 47 47 43 43 51 62 43 50 57 36 43 34 45 44 39 30 46 32 25 32 42 35 29 45 23 35 22 18 20 25 33 36 22 26 17 21 27 15 14 22 9 17 22 24 10 27 21 29 15 0 26 25 7 8
55 65 76 51 54 62 63 71 55 59 67 75 42 57 48 39 60 67 58 31 32 37 46 28 56 49 56 26 33 39 25 47 59 32 38 44 49 57 16 46 20 41 45 51 27 28 16 31 41 46 48 28 7 9 9 13 26 0 1 21 28
56 64 75 52 53 61 62 70 54 58 66 74 43 56 47 40 59 66 57 32 33 36 45 29 55 48 55 27 32 38 26 46 58 31 37 43 48 56 17 45 19 40 44 50 26 27 15 30 40 45 47 27 8 10 10 12 25 1 0 20 27
76 50 57 72 57 47 48 52 48 44 48 56 63 44 51 58 41 48 39 46 45 40 31 47 37 30 37 43 36 30 46 28 40 23 23 25 30 38 37 27 27 22 26 32 16 15 23 14 22 27 29 13 28 22 30 16 7 21 20 0 9
83 57 50 79 64 52 51 47 55 51 47 49 70 51 58 65 40 41 38 53 52 47 38 54 30 29 30 50 43 37 53 27 33 30 24 22 23 31 44 20 34 17 19 25 23 22 30 15 15 20 22 16 35 29 37 23 8 28 27 9 0
0 9 2 10 9 6 2 3 2 2 6 1 8 4 3 6 6 1 4 2 4 9 1 6 1 7 10 3 3 9 10 4 10 7 10 3 1 8 5 4 5 8 8 10 9 4 2 2 4 3 4 8 2 9 2 4 4 10 7 8 6
26 0 0 0 0 0 0 0 0 0 0 0 0 0 0 0 0 0 0 0 0 0 0 0 0 0 0 0 0 0 0 0 0 0 0 0 0 0 0 0 0 0 0 0 0 0 0 0 0 0 0 0 0 0 0 0 0 0 0 0 0
