0 53 10 79 33 25 42 85 19 72 22 34 60 87 68 54 97 24 97 94 46 71 50 39 108 91 67 108 100 113 74 72 79 85 103 99 112 68 107 107 113 74 78 98 116 131 71 110 77 78 118 123 83 85 104 115 133 79 95 93 106 118 134 135 79 99 133 104 105 109 151
53 0 49 30 26 38 21 34 48 21 47 35 19 36 17 33 46 65 46 43 57 34 63 76 57 40 64 57 49 62 69 73 66 60 52 52 61 87 56 56 62 93 91 69 65 80 98 65 104 103 67 72 110 106 87 76 82 114 98 106 91 79 83 84 120 100 82 99 98 94 100
10 49 0 73 25 17 34 77 11 64 14 26 52 79 60 46 89 20 89 86 38 63 42 31 100 83 59 100 92 105 66 64 71 77 95 91 104 60 99 99 105 66 70 90 108 123 63 102 69 70 110 115 75 77 96 107 125 73 87 85 98 110 126 127 75 91 125 96 97 101 143
79 30 73 0 50 62 45 6 72 19 71 59 43 16 41 57 18 89 20 27 81 58 87 100 35 60 88 49 57 48 93 97 90 84 66 76 63 111 74 74 72 117 115 93 75 62 122 89 128 127 91 88 134 130 111 100 82 138 122 130 115 103 89 88 144 124 90 123 122 118 76
33 26 25 50 0 14 11 54 24 41 21 9 29 56 37 23 66 39 66 63 31 40 37 50 77 60 38 77 69 82 43 47 48 54 72 68 81 61 76 76 82 67 65 67 85 100 72 79 78 77 87 92 84 80 73 84 102 88 72 80 75 87 103 104 94 74 102 73 74 78 120
25 38 17 62 14 0 23 66 14 51 11 11 37 64 45 31 74 29 74 71 23 48 27 40 85 68 44 85 77 90 51 49 56 62 80 76 89 51 84 84 90 57 59 75 93 108 62 87 68 67 95 100 74 70 81 92 110 78 72 74 83 95 111 112 84 76 110 81 82 86 128
42 21 34 45 11 23 0 49 31 34 28 16 20 47 28 14 57 46 57 54 38 31 44 57 68 51 45 68 60 73 50 54 47 47 63 59 72 68 67 67 73 74 72 58 76 91 79 70 85 84 78 83 91 87 68 75 93 95 79 87 72 78 94 95 101 81 93 80 79 75 111
85 34 77 6 54 66 49 0 74 19 71 59 43 16 41 57 14 89 16 27 81 58 87 100 35 60 88 49 57 48 93 97 90 84 66 76 63 111 74 74 72 117 115 93 75 62 122 89 128 127 91 88 134 130 111 100 82 138 122 130 115 103 89 88 144 124 90 123 122 118 76
19 48 11 72 24 14 31 74 0 57 5 17 43 70 51 37 80 17 80 77 29 54 33 28 91 74 50 91 83 96 57 55 62 68 86 82 95 51 90 90 96 57 61 81 99 114 56 93 62 63 101 106 68 68 87 98 116 68 78 76 89 101 117 118 74 82 116 87 88 92 134
72 21 64 19 41 51 34 19 57 0 54 42 26 15 24 40 25 72 25 22 64 41 70 83 36 43 71 38 40 41 76 80 73 67 49 59 46 94 57 57 55 100 98 76 58 59 105 72 111 110 74 71 117 113 94 83 65 121 105 113 98 86 72 71 127 107 73 106 105 101 79
22 47 14 71 21 11 28 71 5 54 0 14 40 67 48 34 77 18 77 74 26 51 30 29 88 71 47 88 80 93 54 52 59 65 83 79 92 48 87 87 93 54 58 78 96 111 55 90 61 62 98 103 67 65 84 95 113 67 75 73 86 98 114 115 73 79 113 84 85 89 131
34 35 26 59 9 11 16 59 17 42 14 0 28 55 36 22 65 30 65 62 22 39 28 41 76 59 35 76 68 81 42 44 47 53 71 67 80 52 75 75 81 58 56 66 84 99 63 78 69 68 86 91 75 71 72 83 101 79 67 71 74 86 102 103 85 71 101 72 73 77 119
60 19 52 43 29 37 20 43 43 26 40 28 0 29 10 16 37 48 37 34 40 17 46 59 48 31 47 48 40 53 52 56 49 43 43 41 52 70 47 47 53 76 74 52 56 71 81 52 87 86 58 63 93 89 70 59 73 97 81 89 74 62 74 75 103 83 73 82 81 77 91
87 36 79 16 56 64 47 16 70 15 67 55 29 0 27 41 12 73 12 11 65 42 71 84 23 44 72 33 41 32 77 81 74 68 50 60 47 95 58 58 56 101 99 77 59 50 106 73 112 111 75 72 118 114 95 84 66 122 106 114 99 87 73 72 128 108 74 107 106 102 66
68 17 60 41 37 45 28 41 51 24 48 36 10 27 0 18 31 50 31 28 42 19 48 61 42 25 49 42 34 47 54 58 51 45 37 37 46 72 41 41 47 78 76 54 50 65 83 50 89 88 52 57 95 91 72 61 67 99 83 91 76 64 68 69 105 85 67 84 83 79 85
54 33 46 57 23 31 14 57 37 40 34 22 16 41 18 0 43 34 43 40 26 17 32 45 54 37 33 54 46 59 38 42 35 33 49 45 58 56 53 53 59 62 60 44 62 77 67 56 73 72 64 69 79 75 56 61 79 83 67 75 60 64 80 81 89 69 79 68 67 63 97
97 46 89 18 66 74 57 14 80 25 77 65 37 12 31 43 0 75 2 13 67 44 73 86 21 46 74 35 43 34 79 83 76 70 52 62 49 97 60 60 58 103 101 79 61 48 108 75 114 113 77 74 120 116 97 86 68 124 108 116 101 89 75 74 130 110 76 109 108 104 62
24 65 20 89 39 29 46 89 17 72 18 30 48 73 50 34 75 0 75 72 24 49 28 17 86 69 45 86 78 91 52 50 57 63 81 77 90 46 85 85 91 52 56 76 94 109 49 88 55 56 96 101 61 63 82 93 111 57 73 71 84 96 112 113 57 77 111 82 83 87 129
97 46 89 20 66 74 57 16 80 25 77 65 37 12 31 43 2 75 0 13 67 44 73 86 21 46 74 35 43 34 79 83 76 70 52 62 49 97 60 60 58 103 101 79 61 48 108 75 114 113 77 74 120 116 97 86 68 124 108 116 101 89 75 74 130 110 76 109 108 104 62
94 43 86 27 63 71 54 27 77 22 74 62 34 11 28 40 13 72 13 0 54 31 60 73 16 33 61 24 30 23 66 70 63 57 39 49 36 84 47 47 45 90 88 66 48 41 95 62 101 100 64 61 107 103 84 73 55 111 95 103 88 76 62 61 117 97 63 96 95 91 59
46 57 38 81 31 23 38 81 29 64 26 22 40 65 42 26 67 24 67 54 0 31 8 21 64 47 23 64 56 69 30 28 35 41 59 55 68 32 63 63 69 38 38 54 72 87 43 66 49 48 74 79 55 51 60 71 89 59 51 53 62 74 90 91 65 55 89 60 61 65 107
71 34 63 58 40 48 31 58 54 41 51 39 17 42 19 17 44 49 44 31 31 0 31 44 39 22 32 39 31 44 37 41 34 28 34 30 43 55 38 38 44 61 59 37 47 62 66 41 72 71 49 54 78 74 55 46 64 82 66 74 59 49 65 66 88 68 64 67 66 62 82
50 63 42 87 37 27 44 87 33 70 30 28 46 71 48 32 73 28 73 60 8 31 0 19 60 43 19 60 52 65 26 24 31 37 55 51 64 26 59 59 65 32 34 50 68 83 37 62 43 42 70 75 49 45 56 67 85 53 47 49 58 70 86 87 59 51 85 56 57 61 103
39 76 31 100 50 40 57 100 28 83 29 41 59 84 61 45 86 17 86 73 21 44 19 0 71 54 30 71 63 76 37 35 42 48 66 62 75 31 70 70 76 37 41 61 79 94 34 73 40 41 81 86 46 48 67 78 96 44 58 56 69 81 97 98 48 62 96 67 68 72 114
108 57 100 35 77 85 68 35 91 36 88 76 48 23 42 54 21 86 21 16 64 39 60 71 0 27 55 16 24 15 60 64 57 51 33 43 30 78 41 41 39 84 82 60 42 29 89 56 95 94 58 55 101 97 78 67 49 105 89 97 82 70 56 55 111 91 57 90 89 85 43
91 40 83 60 60 68 51 60 74 43 71 59 31 44 25 37 46 69 46 33 47 22 43 54 27 0 30 19 11 24 33 37 30 24 14 16 23 51 18 18 24 57 55 33 27 42 62 29 68 67 31 34 74 70 51 40 44 78 62 70 55 43 45 46 84 64 44 63 62 58 62
67 64 59 88 38 44 45 88 50 71 47 35 47 72 49 33 74 45 74 61 23 32 19 30 55 30 0 43 35 48 9 11 14 20 38 34 47 23 42 42 48 29 27 33 51 66 34 45 40 39 53 58 46 42 39 50 68 50 36 42 41 53 69 70 56 38 68 39 40 44 86
108 57 100 49 77 85 68 49 91 38 88 76 48 33 42 54 35 86 35 24 64 39 60 71 16 19 43 0 10 7 46 50 43 37 19 29 16 64 27 27 25 70 68 46 28 25 75 42 81 80 44 41 87 83 64 53 35 91 75 83 68 56 42 41 97 77 43 76 75 71 45
100 49 92 57 69 77 60 57 83 40 80 68 40 41 34 46 43 78 43 30 56 31 52 63 24 11 35 10 0 15 36 40 33 27 9 19 14 54 17 17 15 60 58 36 18 33 65 32 71 70 34 31 77 73 54 43 35 81 65 73 58 46 36 37 87 67 35 66 65 61 53
113 62 105 48 82 90 73 48 96 41 93 81 53 32 47 59 34 91 34 23 69 44 65 76 15 24 48 7 15 0 47 51 44 38 20 30 17 65 28 28 26 71 69 47 29 20 76 43 82 81 45 42 88 84 65 54 36 92 76 84 69 57 43 42 98 78 44 77 76 72 38
74 69 66 93 43 51 50 93 57 76 54 42 52 77 54 38 79 52 79 66 30 37 26 37 60 33 9 46 36 47 0 6 5 11 29 25 38 20 33 33 39 26 24 24 42 57 31 36 37 36 44 49 43 39 30 41 59 47 31 39 32 44 60 61 53 33 59 32 33 35 77
72 73 64 97 47 49 54 97 55 80 52 44 56 81 58 42 83 50 83 70 28 41 24 35 64 37 11 50 40 51 6 0 9 15 33 29 42 16 37 37 43 22 20 28 46 61 27 40 33 32 48 53 39 35 34 45 63 43 31 35 36 48 64 65 49 33 63 34 35 39 81
79 66 71 90 48 56 47 90 62 73 59 47 49 74 51 35 76 57 76 63 35 34 31 42 57 30 14 43 33 44 5 9 0 8 26 20 33 23 28 28 34 29 27 19 37 52 34 31 40 39 39 44 46 42 25 36 54 50 34 42 27 39 55 56 56 36 54 35 34 30 72
85 60 77 84 54 62 47 84 68 67 65 53 43 68 45 33 70 63 70 57 41 28 37 48 51 24 20 37 27 38 11 15 8 0 20 14 27 29 22 22 28 35 33 13 31 46 40 25 46 45 33 38 52 48 29 30 48 56 40 48 33 33 49 50 62 42 48 41 40 36 66
103 52 95 66 72 80 63 66 86 49 83 71 43 50 37 49 52 81 52 39 59 34 55 66 33 14 38 19 9 20 29 33 26 20 0 12 9 47 10 10 10 53 51 29 13 28 58 25 64 63 27 24 70 66 47 36 30 74 58 66 51 39 31 32 80 60 30 59 58 54 48
99 52 91 76 68 76 59 76 82 59 79 67 41 60 37 45 62 77 62 49 55 30 51 62 43 16 34 29 19 30 25 29 20 14 12 0 15 37 10 10 16 43 41 19 19 34 48 19 54 53 21 26 60 56 37 26 36 64 48 56 41 29 37 38 70 50 36 49 48 44 54
112 61 104 63 81 89 72 63 95 46 92 80 52 47 46 58 49 90 49 36 68 43 64 75 30 23 47 16 14 17 38 42 33 27 9 15 0 50 13 13 11 56 54 32 14 19 61 28 67 66 30 27 73 69 50 39 21 77 61 69 54 42 28 27 83 63 29 62 61 57 39
68 87 60 111 61 51 68 111 51 94 48 52 70 95 72 56 97 46 97 84 32 55 26 31 78 51 23 64 54 65 20 16 23 29 47 37 50 0 39 39 45 8 12 30 48 63 13 42 19 18 50 55 25 21 36 47 65 29 27 27 38 50 66 67 35 31 65 36 37 41 83
107 56 99 74 76 84 67 74 90 57 87 75 47 58 41 53 60 85 60 47 63 38 59 70 41 18 42 27 17 28 33 37 28 22 10 10 13 39 0 2 8 45 43 21 11 26 50 17 56 55 19 22 62 58 39 28 28 66 50 58 43 31 29 30 72 52 28 51 50 46 46
107 56 99 74 76 84 67 74 90 57 87 75 47 58 41 53 60 85 60 47 63 38 59 70 41 18 42 27 17 28 33 37 28 22 10 10 13 39 2 0 8 45 43 21 11 26 50 17 56 55 19 22 62 58 39 28 28 66 50 58 43 31 29 30 72 52 28 51 50 46 46
113 62 105 72 82 90 73 72 96 55 93 81 53 56 47 59 58 91 58 45 69 44 65 76 39 24 48 25 15 26 39 43 34 28 10 16 11 45 8 8 0 47 45 23 5 18 52 19 58 57 21 18 64 60 41 30 20 68 52 60 45 33 23 24 74 54 22 53 52 48 38
74 93 66 117 67 57 74 117 57 100 54 58 76 101 78 62 103 52 103 90 38 61 32 37 84 57 29 70 60 71 26 22 29 35 53 43 56 8 45 45 47 0 4 26 44 57 7 36 13 12 44 49 19 15 30 41 59 23 21 21 32 44 60 61 29 25 59 30 31 35 77
78 91 70 115 65 59 72 115 61 98 58 56 74 99 76 60 101 56 101 88 38 59 34 41 82 55 27 68 58 69 24 20 27 33 51 41 54 12 43 43 45 4 0 24 42 55 9 34 15 14 42 47 21 17 28 39 57 25 19 21 30 42 58 59 31 23 57 28 29 33 75
98 69 90 93 67 75 58 93 81 76 78 66 52 77 54 44 79 76 79 66 54 37 50 61 60 33 33 46 36 47 24 28 19 13 29 19 32 30 21 21 23 26 24 0 20 33 31 12 37 36 20 25 43 39 20 17 35 47 31 39 24 20 36 37 53 33 35 32 31 27 53
116 65 108 75 85 93 76 75 99 58 96 84 56 59 50 62 61 94 61 48 72 47 68 79 42 27 51 28 18 29 42 46 37 31 13 19 14 48 11 11 5 44 42 20 0 15 49 16 55 54 18 15 61 57 38 27 17 65 49 57 42 30 20 21 71 51 19 50 49 45 35
131 80 123 62 100 108 91 62 114 59 111 99 71 50 65 77 48 109 48 41 87 62 83 94 29 42 66 25 33 20 57 61 52 46 28 34 19 63 26 26 18 57 55 33 15 0 62 29 68 67 31 28 74 70 51 40 22 78 62 70 55 43 29 28 84 64 30 63 62 58 22
71 98 63 122 72 62 79 122 56 105 55 63 81 106 83 67 108 49 108 95 43 66 37 34 89 62 34 75 65 76 31 27 34 40 58 48 61 13 50 50 52 7 9 31 49 62 0 41 12 13 49 54 18 16 35 46 64 18 26 24 37 49 65 66 24 30 64 35 36 40 82
110 65 102 89 79 87 70 89 93 72 90 78 52 73 50 56 75 88 75 62 66 41 62 73 56 29 45 42 32 43 36 40 31 25 25 19 28 42 17 17 19 36 34 12 16 29 41 0 41 40 10 15 47 43 24 13 25 51 35 43 28 16 26 27 57 37 25 36 35 31 43
77 104 69 128 78 68 85 128 62 111 61 69 87 112 89 73 114 55 114 101 49 72 43 40 95 68 40 81 71 82 37 33 40 46 64 54 67 19 56 56 58 13 15 37 55 68 12 41 0 1 43 48 12 10 29 40 58 12 20 18 31 43 59 60 18 24 58 29 30 34 76
78 103 70 127 77 67 84 127 63 110 62 68 86 111 88 72 113 56 113 100 48 71 42 41 94 67 39 80 70 81 36 32 39 45 63 53 66 18 55 55 57 12 14 36 54 67 13 40 1 0 42 47 13 9 28 39 57 13 19 17 30 42 58 59 19 23 57 28 29 33 75
118 67 110 91 87 95 78 91 101 74 98 86 58 75 52 64 77 96 77 64 74 49 70 81 58 31 53 44 34 45 44 48 39 33 27 21 30 50 19 19 21 44 42 20 18 31 49 10 43 42 0 7 43 39 20 9 17 47 31 39 24 12 18 19 53 33 17 32 31 27 35
123 72 115 88 92 100 83 88 106 71 103 91 63 72 57 69 74 101 74 61 79 54 75 86 55 34 58 41 31 42 49 53 44 38 24 26 27 55 22 22 18 49 47 25 15 28 54 15 48 47 7 0 48 44 25 14 12 52 36 44 29 17 13 14 58 38 12 37 36 32 30
83 110 75 134 84 74 91 134 68 117 67 75 93 118 95 79 120 61 120 107 55 78 49 46 101 74 46 87 77 88 43 39 46 52 70 60 73 25 62 62 64 19 21 43 61 74 18 47 12 13 43 48 0 4 25 34 52 6 14 12 25 37 53 54 12 18 52 23 24 28 70
85 106 77 130 80 70 87 130 68 113 65 71 89 114 91 75 116 63 116 103 51 74 45 48 97 70 42 83 73 84 39 35 42 48 66 56 69 21 58 58 60 15 17 39 57 70 16 43 10 9 39 44 4 0 23 32 50 8 12 10 23 35 51 52 14 16 50 21 22 26 68
104 87 96 111 73 81 68 111 87 94 84 72 70 95 72 56 97 82 97 84 60 55 56 67 78 51 39 64 54 65 30 34 25 29 47 37 50 36 39 39 41 30 28 20 38 51 35 24 29 28 20 25 25 23 0 11 29 29 13 21 6 14 30 31 35 15 29 14 13 9 47
115 76 107 100 84 92 75 100 98 83 95 83 59 84 61 61 86 93 86 73 71 46 67 78 67 40 50 53 43 54 41 45 36 30 36 26 39 47 28 28 30 41 39 17 27 40 46 13 40 39 9 14 34 32 11 0 20 38 22 30 15 5 21 22 44 24 20 23 22 18 38
133 82 125 82 102 110 93 82 116 65 113 101 73 66 67 79 68 111 68 55 89 64 85 96 49 44 68 35 35 36 59 63 54 48 30 36 21 65 28 28 20 59 57 35 17 22 64 25 58 57 17 12 52 50 29 20 0 56 40 48 33 21 9 8 62 42 10 41 40 36 20
79 114 73 138 88 78 95 138 68 121 67 79 97 122 99 83 124 57 124 111 59 82 53 44 105 78 50 91 81 92 47 43 50 56 74 64 77 29 66 66 68 23 25 47 65 78 18 51 12 13 47 52 6 8 29 38 56 0 18 14 27 39 55 56 8 20 54 25 26 30 72
95 98 87 122 72 72 79 122 78 105 75 67 81 106 83 67 108 73 108 95 51 66 47 58 89 62 36 75 65 76 31 31 34 40 58 48 61 27 50 50 52 21 19 31 49 62 26 35 20 19 31 36 14 12 13 22 40 18 0 10 13 25 41 42 24 10 40 11 12 16 58
93 106 85 130 80 74 87 130 76 113 73 71 89 114 91 75 116 71 116 103 53 74 49 56 97 70 42 83 73 84 39 35 42 48 66 56 69 27 58 58 60 21 21 39 57 70 24 43 18 17 39 44 12 10 21 30 48 14 10 0 15 27 43 44 16 8 42 13 14 18 60
106 91 98 115 75 83 72 115 89 98 86 74 74 99 76 60 101 84 101 88 62 59 58 69 82 55 41 68 58 69 32 36 27 33 51 41 54 38 43 43 45 32 30 24 42 55 37 28 31 30 24 29 25 23 6 15 33 27 13 15 0 14 30 31 29 9 29 8 9 5 47
118 79 110 103 87 95 78 103 101 86 98 86 62 87 64 64 89 96 89 76 74 49 70 81 70 43 53 56 46 57 44 48 39 33 39 29 42 50 31 31 33 44 42 20 30 43 49 16 43 42 12 17 37 35 14 5 21 39 25 27 14 0 18 19 41 21 17 20 19 15 35
134 83 126 89 103 111 94 89 117 72 114 102 74 73 68 80 75 112 75 62 90 65 86 97 56 45 69 42 36 43 60 64 55 49 31 37 28 66 29 29 23 60 58 36 20 29 65 26 59 58 18 13 53 51 30 21 9 55 41 43 30 18 0 1 57 37 3 36 35 31 19
135 84 127 88 104 112 95 88 118 71 115 103 75 72 69 81 74 113 74 61 91 66 87 98 55 46 70 41 37 42 61 65 56 50 32 38 27 67 30 30 24 61 59 37 21 28 66 27 60 59 19 14 54 52 31 22 8 56 42 44 31 19 1 0 58 38 4 37 36 32 18
79 120 75 144 94 84 101 144 74 127 73 85 103 128 105 89 130 57 130 117 65 88 59 48 111 84 56 97 87 98 53 49 56 62 80 70 83 35 72 72 74 29 31 53 71 84 24 57 18 19 53 58 12 14 35 44 62 8 24 16 29 41 57 58 0 22 56 27 28 32 74
99 100 91 124 74 76 81 124 82 107 79 71 83 108 85 69 110 77 110 97 55 68 51 62 91 64 38 77 67 78 33 33 36 42 60 50 63 31 52 52 54 25 23 33 51 64 30 37 24 23 33 38 18 16 15 24 42 20 10 8 9 21 37 38 22 0 36 7 8 12 54
133 82 125 90 102 110 93 90 116 73 113 101 73 74 67 79 76 111 76 63 89 64 85 96 57 44 68 43 35 44 59 63 54 48 30 36 29 65 28 28 22 59 57 35 19 30 64 25 58 57 17 12 52 50 29 20 10 54 40 42 29 17 3 4 56 36 0 33 32 30 20
104 99 96 123 73 81 80 123 87 106 84 72 82 107 84 68 109 82 109 96 60 67 56 67 90 63 39 76 66 77 32 34 35 41 59 49 62 36 51 51 53 30 28 32 50 63 35 36 29 28 32 37 23 21 14 23 41 25 11 13 8 20 36 37 27 7 33 0 1 5 47
105 98 97 122 74 82 79 122 88 105 85 73 81 106 83 67 108 83 108 95 61 66 57 68 89 62 40 75 65 76 33 35 34 40 58 48 61 37 50 50 52 31 29 31 49 62 36 35 30 29 31 36 24 22 13 22 40 26 12 14 9 19 35 36 28 8 32 1 0 4 46
109 94 101 118 78 86 75 118 92 101 89 77 77 102 79 63 104 87 104 91 65 62 61 72 85 58 44 71 61 72 35 39 30 36 54 44 57 41 46 46 48 35 33 27 45 58 40 31 34 33 27 32 28 26 9 18 36 30 16 18 5 15 31 32 32 12 30 5 4 0 44
151 100 143 76 120 128 111 76 134 79 131 119 91 66 85 97 62 129 62 59 107 82 103 114 43 62 86 45 53 38 77 81 72 66 48 54 39 83 46 46 38 77 75 53 35 22 82 43 76 75 35 30 70 68 47 38 20 72 58 60 47 35 19 18 74 54 20 47 46 44 0
0 4 9 3 3 2 5 1 7 8 5 7 1 5 7 1 7 5 9 4 5 1 1 9 9 5 3 9 8 3 8 5 3 8 8 6 1 7 6 10 8 3 4 1 6 5 3 5 6 10 2 7 4 10 8 5 4 2 2 4 6 5 10 2 3 7 1 9 4 9 7
24 0 0 0 0 0 0 0 0 0 0 0 0 0 0 0 0 0 0 0 0 0 0 0 0 0 0 0 0 0 0 0 0 0 0 0 0 0 0 0 0 0 0 0 0 0 0 0 0 0 0 0 0 0 0 0 0 0 0 0 0 0 0 0 0 0 0 0 0 0 0
