0 32 30 62 22 29 77 22 62 70 39 63 44 57 65 63 93 29 34 102 30 65 41 31 43 76 88 58 35 107 43 93 110 61 95 86 109 118 71 95 83 114 77 111 130 74 124 130 133 101 132 82 92 136 140 77 82 76 124 122 136 83 85 109 118 119 121 86 113 114 112
32 0 10 32 20 13 47 26 32 40 19 33 16 27 35 33 63 49 46 72 52 35 45 57 45 46 58 34 61 77 55 63 80 55 65 56 79 88 61 65 59 84 67 81 100 72 94 100 103 71 102 74 68 106 110 87 82 92 94 92 106 93 91 79 88 89 91 92 83 84 82
30 10 0 38 14 7 49 20 34 42 13 35 16 29 37 35 65 43 40 74 46 37 39 51 39 48 60 30 55 79 49 65 82 49 67 58 81 90 55 67 55 86 61 83 102 66 96 102 105 73 104 68 64 108 112 81 76 86 96 94 108 87 85 81 90 91 93 86 85 86 84
62 32 38 0 46 39 17 52 16 12 45 21 42 29 21 25 33 75 72 42 78 43 71 83 71 40 28 60 87 47 81 43 50 81 47 62 49 58 87 63 83 58 93 61 70 98 64 70 73 77 72 100 92 76 80 113 108 118 70 74 76 119 117 93 84 83 81 118 93 92 96
22 20 14 46 0 9 57 8 40 48 17 41 22 35 43 41 71 31 28 80 34 43 27 39 27 54 66 36 43 85 37 71 88 41 73 64 87 96 49 73 61 92 55 89 108 58 102 108 111 79 110 60 70 114 118 69 66 74 102 100 114 75 73 87 96 97 99 74 91 92 90
29 13 7 39 9 0 50 15 35 43 12 36 17 30 38 36 66 36 33 75 39 38 32 44 32 49 61 31 48 80 42 66 83 42 68 59 82 91 48 68 56 87 54 84 103 59 97 103 106 74 105 61 65 109 113 74 69 79 97 95 109 80 78 82 91 92 94 79 86 87 85
77 47 49 17 57 50 0 63 23 19 52 28 49 36 28 32 18 82 79 27 85 50 78 90 78 47 35 67 94 32 88 50 37 88 54 69 46 45 94 70 90 59 100 68 55 105 55 57 58 84 59 107 99 61 65 120 115 125 77 81 67 126 124 100 91 90 88 125 100 99 103
22 26 20 52 8 15 63 0 42 50 19 43 24 37 45 43 73 25 22 82 28 45 21 33 23 56 68 38 37 87 31 73 90 41 75 66 89 98 51 75 63 94 57 91 110 54 104 110 113 81 112 62 72 116 120 63 62 68 104 102 116 69 67 89 98 99 101 68 93 94 92
62 32 34 16 40 35 23 42 0 10 31 5 28 13 5 9 33 59 56 42 62 27 55 67 55 24 28 44 71 47 65 33 50 65 35 46 49 58 71 47 67 54 77 51 70 82 64 70 73 61 72 84 76 76 80 97 92 102 64 62 76 103 101 77 68 67 65 102 77 76 80
70 40 42 12 48 43 19 50 10 0 39 15 34 19 11 15 25 65 62 34 68 33 61 73 61 30 20 50 77 39 71 33 42 71 37 52 41 50 77 53 73 48 83 51 62 88 56 62 65 67 64 90 82 68 72 103 98 108 60 64 68 109 107 83 74 73 71 108 83 82 86
39 19 13 45 17 12 52 19 31 39 0 30 7 22 30 26 56 32 29 65 35 28 28 40 28 39 51 21 44 70 38 56 73 38 58 49 72 81 44 58 46 77 50 74 93 55 87 93 96 64 95 57 55 99 103 70 65 75 87 85 99 76 74 72 81 82 84 75 76 77 75
63 33 35 21 41 36 28 43 5 15 30 0 25 10 4 6 32 56 53 41 59 24 52 64 52 21 27 41 68 46 62 32 49 62 34 43 48 57 68 44 64 53 74 50 69 79 63 69 72 58 71 81 73 75 79 94 89 99 63 61 75 100 98 74 65 64 62 99 74 73 77
44 16 16 42 22 17 49 24 28 34 7 25 0 17 25 21 51 33 30 60 36 23 29 41 29 34 46 20 45 65 39 51 68 39 53 44 67 76 45 53 45 72 51 69 88 56 82 88 91 59 90 58 54 94 98 71 66 76 82 80 94 77 75 67 76 77 79 76 71 72 70
57 27 29 29 35 30 36 37 13 19 22 10 17 0 10 6 36 48 45 45 51 16 44 56 44 19 31 33 60 50 54 36 53 54 38 37 52 61 60 40 56 57 66 54 73 71 67 73 76 52 75 73 65 79 83 86 81 91 67 65 79 92 90 66 63 64 66 91 66 67 69
65 35 37 21 43 38 28 45 5 11 30 4 25 10 0 6 28 56 53 37 59 24 52 64 52 21 23 41 68 42 62 28 45 62 32 43 44 53 68 44 64 49 74 48 65 79 59 65 68 58 67 81 73 71 75 94 89 99 59 59 71 100 98 74 65 64 62 99 74 73 77
63 33 35 25 41 36 32 43 9 15 26 6 21 6 6 0 32 50 47 41 53 18 46 58 46 15 27 35 62 46 56 32 49 56 34 37 48 57 62 38 58 53 68 50 69 73 63 69 72 52 71 75 67 75 79 88 83 93 63 61 75 94 92 68 61 62 62 93 68 67 71
93 63 65 33 71 66 18 73 33 25 56 32 51 36 28 32 0 76 73 11 79 44 72 84 72 41 29 61 88 16 82 44 31 82 48 63 40 37 88 64 84 53 94 62 41 99 49 43 42 78 47 101 93 47 49 114 109 119 71 75 61 120 118 94 85 84 82 119 94 93 97
29 49 43 75 31 36 82 25 59 65 32 56 33 48 56 50 76 0 7 75 5 38 14 10 16 49 61 31 14 80 16 66 83 34 68 59 82 91 44 68 56 87 50 84 103 47 97 103 106 74 105 55 65 109 113 50 55 49 97 95 109 56 58 82 91 92 94 59 86 87 85
34 46 40 72 28 33 79 22 56 62 29 53 30 45 53 47 73 7 0 70 6 33 9 11 11 44 56 26 15 75 11 61 78 29 63 54 77 86 39 63 51 82 45 79 98 42 92 98 101 69 100 50 60 104 108 47 50 48 92 90 104 53 55 77 86 87 89 56 81 82 80
102 72 74 42 80 75 27 82 42 34 65 41 60 45 37 41 11 75 70 0 74 39 67 79 67 36 24 56 83 11 77 39 26 77 43 58 35 32 83 59 79 48 89 57 36 94 44 38 37 73 42 96 88 42 44 109 104 114 66 70 56 115 113 89 80 79 77 114 89 88 92
30 52 46 78 34 39 85 28 62 68 35 59 36 51 59 53 79 5 6 74 0 37 13 7 15 48 60 28 11 77 13 63 80 31 65 56 79 88 41 65 53 84 47 81 100 44 94 100 103 71 102 52 62 106 110 47 52 46 94 92 106 53 55 79 88 89 91 56 83 84 82
65 35 37 43 43 38 50 45 27 33 28 24 23 16 24 18 44 38 33 39 37 0 30 42 30 13 25 17 44 44 38 30 47 38 32 23 46 55 44 32 40 51 50 48 67 55 61 67 70 38 69 57 49 73 77 70 65 75 61 59 73 76 74 50 55 56 58 75 50 51 53
41 45 39 71 27 32 78 21 55 61 28 52 29 44 52 46 72 14 9 67 13 30 0 18 4 39 51 19 18 68 12 54 71 22 56 47 70 79 32 56 44 75 38 72 91 35 85 91 94 62 93 43 53 97 101 44 43 49 85 83 97 50 48 70 79 80 82 49 74 75 73
31 57 51 83 39 44 90 33 67 73 40 64 41 56 64 58 84 10 11 79 7 42 18 0 18 49 61 29 6 78 14 64 81 32 66 57 80 89 42 66 54 85 48 82 101 45 95 101 104 72 103 53 63 107 111 48 53 47 95 93 107 54 56 80 89 90 92 57 84 85 83
43 45 39 71 27 32 78 23 55 61 28 52 29 44 52 46 72 16 11 67 15 30 4 18 0 37 49 17 18 66 12 52 69 20 54 45 68 77 30 54 42 73 36 70 89 33 83 89 92 60 91 41 51 95 99 44 41 49 83 81 95 50 48 68 77 78 80 49 72 73 71
76 46 48 40 54 49 47 56 24 30 39 21 34 19 21 15 41 49 44 36 48 13 39 49 37 0 14 22 49 31 43 17 34 43 19 24 33 42 49 25 45 38 55 35 54 60 48 54 57 39 56 62 54 60 64 75 70 80 48 46 60 81 79 55 48 49 47 80 55 54 58
88 58 60 28 66 61 35 68 28 20 51 27 46 31 23 27 29 61 56 24 60 25 51 61 49 14 0 34 61 19 55 17 22 55 21 36 21 30 61 37 57 30 67 35 42 72 36 42 45 51 44 74 66 48 52 87 82 92 44 48 48 93 91 67 58 57 55 92 67 66 70
58 34 30 60 36 31 67 38 44 50 21 41 20 33 41 35 61 31 26 56 28 17 19 29 17 22 34 0 29 51 23 37 54 21 39 30 53 62 27 39 27 58 33 55 74 38 68 74 77 45 76 40 36 80 84 53 48 58 68 66 80 59 57 53 62 63 65 58 57 58 56
35 61 55 87 43 48 94 37 71 77 44 68 45 60 68 62 88 14 15 83 11 44 18 6 18 49 61 29 0 78 14 60 77 28 62 53 76 85 38 62 50 81 44 78 97 41 91 97 100 68 99 49 59 103 107 44 49 43 91 89 103 50 52 76 85 86 88 53 80 81 79
107 77 79 47 85 80 32 87 47 39 70 46 65 50 42 46 16 80 75 11 77 44 68 78 66 31 19 51 78 0 72 30 17 68 34 49 26 23 74 50 70 39 80 48 27 85 35 29 28 64 33 87 79 33 35 100 95 105 57 61 47 106 104 80 71 70 68 105 80 79 83
43 55 49 81 37 42 88 31 65 71 38 62 39 54 62 56 82 16 11 77 13 38 12 14 12 43 55 23 14 72 0 52 69 20 54 45 68 77 30 54 42 73 36 70 89 33 83 89 92 60 91 41 51 95 99 38 41 39 83 81 95 44 46 68 77 78 80 47 72 73 71
93 63 65 43 71 66 50 73 33 33 56 32 51 36 28 32 44 66 61 39 63 30 54 64 52 17 17 37 60 30 52 0 19 40 10 21 18 27 46 22 42 23 52 24 39 57 33 39 42 36 41 59 51 45 49 72 67 77 33 37 45 78 76 52 43 42 40 77 52 51 55
110 80 82 50 88 83 37 90 50 42 73 49 68 53 45 49 31 83 78 26 80 47 71 81 69 34 22 54 77 17 69 19 0 53 19 34 11 10 59 35 55 24 65 33 20 70 20 22 23 49 24 72 64 26 30 85 80 90 42 46 32 91 89 65 56 55 53 90 65 64 68
61 55 49 81 41 42 88 41 65 71 38 62 39 54 62 56 82 34 29 77 31 38 22 32 20 43 55 21 28 68 20 40 53 0 36 25 48 57 10 34 22 53 16 50 69 19 63 69 72 40 71 21 31 75 79 34 29 39 63 61 75 40 38 48 57 58 60 39 52 53 51
95 65 67 47 73 68 54 75 35 37 58 34 53 38 32 34 48 68 63 43 65 32 56 66 54 19 21 39 62 34 54 10 19 36 0 17 16 25 42 18 38 21 48 22 37 53 31 37 40 32 39 55 47 43 47 68 63 73 31 33 43 74 72 48 39 38 36 73 48 47 51
86 56 58 62 64 59 69 66 46 52 49 43 44 37 43 37 63 59 54 58 56 23 47 57 45 24 36 30 53 49 45 21 34 25 17 0 25 34 27 11 23 30 33 27 46 38 40 46 49 21 48 40 32 52 56 53 48 58 40 38 52 59 57 33 34 35 37 58 33 34 36
109 79 81 49 87 82 46 89 49 41 72 48 67 52 44 48 40 82 77 35 79 46 70 80 68 33 21 53 76 26 68 18 11 48 16 25 0 11 48 24 44 13 54 22 23 59 17 23 26 38 25 61 53 29 33 74 69 79 31 35 29 80 78 54 45 44 42 79 54 53 57
118 88 90 58 96 91 45 98 58 50 81 57 76 61 53 57 37 91 86 32 88 55 79 89 77 42 30 62 85 23 77 27 10 57 25 34 11 0 51 27 47 16 57 25 14 62 12 14 17 41 16 64 56 20 24 77 72 82 34 38 24 83 81 57 48 47 45 82 57 56 60
71 61 55 87 49 48 94 51 71 77 44 68 45 60 68 62 88 44 39 83 41 44 32 42 30 49 61 27 38 74 30 46 59 10 42 27 48 51 0 26 12 43 8 40 59 13 53 59 62 30 61 15 21 65 69 28 23 33 53 51 65 34 32 38 47 48 50 33 42 43 41
95 65 67 63 73 68 70 75 47 53 58 44 53 40 44 38 64 68 63 59 65 32 56 66 54 25 37 39 62 50 54 22 35 34 18 11 24 27 26 0 22 19 32 16 35 37 29 35 38 16 37 39 31 41 45 52 47 57 29 27 41 58 56 32 25 26 28 57 32 31 35
83 59 55 83 61 56 90 63 67 73 46 64 45 56 64 58 84 56 51 79 53 40 44 54 42 45 57 27 50 70 42 42 55 22 38 23 44 47 12 22 0 33 12 30 49 17 43 49 52 20 51 19 15 55 59 32 27 37 43 41 55 38 36 28 37 38 40 37 32 33 31
114 84 86 58 92 87 59 94 54 48 77 53 72 57 49 53 53 87 82 48 84 51 75 85 73 38 30 58 81 39 73 23 24 53 21 30 13 16 43 19 33 0 43 11 18 48 12 18 21 27 20 50 42 24 28 63 58 68 20 24 24 69 67 43 34 33 31 68 43 42 46
77 67 61 93 55 54 100 57 77 83 50 74 51 66 74 68 94 50 45 89 47 50 38 48 36 55 67 33 44 80 36 52 65 16 48 33 54 57 8 32 12 43 0 34 53 7 47 53 56 24 55 9 15 59 63 22 17 27 47 45 59 28 26 32 41 42 44 27 36 37 35
111 81 83 61 89 84 68 91 51 51 74 50 69 54 48 50 62 84 79 57 81 48 72 82 70 35 35 55 78 48 70 24 33 50 22 27 22 25 40 16 30 11 34 0 21 39 15 21 24 18 23 41 33 27 31 54 49 59 15 19 27 60 58 34 25 24 22 59 34 33 37
130 100 102 70 108 103 55 110 70 62 93 69 88 73 65 69 41 103 98 36 100 67 91 101 89 54 42 74 97 27 89 39 20 69 37 46 23 14 59 35 49 18 53 21 0 58 8 2 5 37 8 60 52 8 12 73 68 78 30 34 20 79 77 53 44 43 41 78 53 52 56
74 72 66 98 58 59 105 54 82 88 55 79 56 71 79 73 99 47 42 94 44 55 35 45 33 60 72 38 41 85 33 57 70 19 53 38 59 62 13 37 17 48 7 39 58 0 52 58 61 29 60 10 20 64 68 17 14 22 52 50 64 23 21 37 46 47 49 22 41 42 40
124 94 96 64 102 97 55 104 64 56 87 63 82 67 59 63 49 97 92 44 94 61 85 95 83 48 36 68 91 35 83 33 20 63 31 40 17 12 53 29 43 12 47 15 8 52 0 8 11 31 8 54 46 12 16 67 62 72 24 28 14 73 71 47 38 37 35 72 47 46 50
130 100 102 70 108 103 57 110 70 62 93 69 88 73 65 69 43 103 98 38 100 67 91 101 89 54 42 74 97 29 89 39 22 69 37 46 23 14 59 35 49 18 53 21 2 58 8 0 3 37 6 60 52 6 10 73 68 78 30 34 20 79 77 53 44 43 41 78 53 52 56
133 103 105 73 111 106 58 113 73 65 96 72 91 76 68 72 42 106 101 37 103 70 94 104 92 57 45 77 100 28 92 42 23 72 40 49 26 17 62 38 52 21 56 24 5 61 11 3 0 38 7 61 53 7 9 74 69 79 31 35 21 80 78 54 45 44 42 79 54 53 57
101 71 73 77 79 74 84 81 61 67 64 58 59 52 58 52 78 74 69 73 71 38 62 72 60 39 51 45 68 64 60 36 49 40 32 21 38 41 30 16 20 27 24 18 37 29 31 37 38 0 33 25 17 37 41 38 33 43 25 23 37 44 42 18 19 20 22 43 18 19 21
132 102 104 72 110 105 59 112 72 64 95 71 90 75 67 71 47 105 100 42 102 69 93 103 91 56 44 76 99 33 91 41 24 71 39 48 25 16 61 37 51 20 55 23 8 60 8 6 7 33 0 56 48 6 10 69 64 74 26 30 16 75 73 49 40 39 37 74 49 48 52
82 74 68 100 60 61 107 62 84 90 57 81 58 73 81 75 101 55 50 96 52 57 43 53 41 62 74 40 49 87 41 59 72 21 55 40 61 64 15 39 19 50 9 41 60 10 54 60 61 25 56 0 12 56 60 13 10 18 44 42 56 19 17 29 38 39 41 18 33 34 32
92 68 64 92 70 65 99 72 76 82 55 73 54 65 73 67 93 65 60 88 62 49 53 63 51 54 66 36 59 79 51 51 64 31 47 32 53 56 21 31 15 42 15 33 52 20 46 52 53 17 48 12 0 46 50 23 18 28 34 32 46 29 27 19 28 29 31 28 23 24 22
136 106 108 76 114 109 61 116 76 68 99 75 94 79 71 75 47 109 104 42 106 73 97 107 95 60 48 80 103 33 95 45 26 75 43 52 29 20 65 41 55 24 59 27 8 64 12 6 7 37 6 56 46 0 6 67 62 72 24 28 14 73 71 47 38 37 35 72 47 46 50
140 110 112 80 118 113 65 120 80 72 103 79 98 83 75 79 49 113 108 44 110 77 101 111 99 64 52 84 107 35 99 49 30 79 47 56 33 24 69 45 59 28 63 31 12 68 16 10 9 41 10 60 50 6 0 67 62 72 24 28 14 73 71 47 38 37 35 72 47 46 50
77 87 81 113 69 74 120 63 97 103 70 94 71 86 94 88 114 50 47 109 47 70 44 48 44 75 87 53 44 100 38 72 85 34 68 53 74 77 28 52 32 63 22 54 73 17 67 73 74 38 69 13 23 67 67 0 7 7 49 47 61 12 12 34 43 44 46 13 38 39 37
82 82 76 108 66 69 115 62 92 98 65 89 66 81 89 83 109 55 50 104 52 65 43 53 41 70 82 48 49 95 41 67 80 29 63 48 69 72 23 47 27 58 17 49 68 14 62 68 69 33 64 10 18 62 62 7 0 12 44 42 56 11 9 29 38 39 41 10 33 34 32
76 92 86 118 74 79 125 68 102 108 75 99 76 91 99 93 119 49 48 114 46 75 49 47 49 80 92 58 43 105 39 77 90 39 73 58 79 82 33 57 37 68 27 59 78 22 72 78 79 43 74 18 28 72 72 7 12 0 50 48 62 9 11 35 44 45 47 12 39 40 38
124 94 96 70 102 97 77 104 64 60 87 63 82 67 59 63 71 97 92 66 94 61 85 95 83 48 44 68 91 57 83 33 42 63 31 40 31 34 53 29 43 20 47 15 30 52 24 30 31 25 26 44 34 24 24 49 44 50 0 4 14 49 47 23 14 13 11 48 23 22 26
122 92 94 74 100 95 81 102 62 64 85 61 80 65 59 61 75 95 90 70 92 59 83 93 81 46 48 66 89 61 81 37 46 61 33 38 35 38 51 27 41 24 45 19 34 50 28 34 35 23 30 42 32 28 28 47 42 48 4 0 16 47 45 21 12 11 9 46 21 20 24
136 106 108 76 114 109 67 116 76 68 99 75 94 79 71 75 61 109 104 56 106 73 97 107 95 60 48 80 103 47 95 45 32 75 43 52 29 24 65 41 55 24 59 27 20 64 14 20 21 37 16 56 46 14 14 61 56 62 14 16 0 61 59 35 26 25 23 60 35 34 38
83 93 87 119 75 80 126 69 103 109 76 100 77 92 100 94 120 56 53 115 53 76 50 54 50 81 93 59 50 106 44 78 91 40 74 59 80 83 34 58 38 69 28 60 79 23 73 79 80 44 75 19 29 73 73 12 11 9 49 47 61 0 4 28 37 38 40 5 32 33 31
85 91 85 117 73 78 124 67 101 107 74 98 75 90 98 92 118 58 55 113 55 74 48 56 48 79 91 57 52 104 46 76 89 38 72 57 78 81 32 56 36 67 26 58 77 21 71 77 78 42 73 17 27 71 71 12 9 11 47 45 59 4 0 26 35 36 38 1 30 31 27
109 79 81 93 87 82 100 89 77 83 72 74 67 66 74 68 94 82 77 89 79 50 70 80 68 55 67 53 76 80 68 52 65 48 48 33 54 57 38 32 28 43 32 34 53 37 47 53 54 18 49 29 19 47 47 34 29 35 23 21 35 28 26 0 11 12 14 27 4 5 5
118 88 90 84 96 91 91 98 68 74 81 65 76 63 65 61 85 91 86 80 88 55 79 89 77 48 58 62 85 71 77 43 56 57 39 34 45 48 47 25 37 34 41 25 44 46 38 44 45 19 40 38 28 38 38 43 38 44 14 12 26 37 35 11 0 1 5 36 9 8 12
119 89 91 83 97 92 90 99 67 73 82 64 77 64 64 62 84 92 87 79 89 56 80 90 78 49 57 63 86 70 78 42 55 58 38 35 44 47 48 26 38 33 42 24 43 47 37 43 44 20 39 39 29 37 37 44 39 45 13 11 25 38 36 12 1 0 4 37 10 9 13
121 91 93 81 99 94 88 101 65 71 84 62 79 66 62 62 82 94 89 77 91 58 82 92 80 47 55 65 88 68 80 40 53 60 36 37 42 45 50 28 40 31 44 22 41 49 35 41 42 22 37 41 31 35 35 46 41 47 11 9 23 40 38 14 5 4 0 39 14 13 17
86 92 86 118 74 79 125 68 102 108 75 99 76 91 99 93 119 59 56 114 56 75 49 57 49 80 92 58 53 105 47 77 90 39 73 58 79 82 33 57 37 68 27 59 78 22 72 78 79 43 74 18 28 72 72 13 10 12 48 46 60 5 1 27 36 37 39 0 29 30 26
113 83 85 93 91 86 100 93 77 83 76 74 71 66 74 68 94 86 81 89 83 50 74 84 72 55 67 57 80 80 72 52 65 52 48 33 54 57 42 32 32 43 36 34 53 41 47 53 54 18 49 33 23 47 47 38 33 39 23 21 35 32 30 4 9 10 14 29 0 1 5
114 84 86 92 92 87 99 94 76 82 77 73 72 67 73 67 93 87 82 88 84 51 75 85 73 54 66 58 81 79 73 51 64 53 47 34 53 56 43 31 33 42 37 33 52 42 46 52 53 19 48 34 24 46 46 39 34 40 22 20 34 33 31 5 8 9 13 30 1 0 6
112 82 84 96 90 85 103 92 80 86 75 77 70 69 77 71 97 85 80 92 82 53 73 83 71 58 70 56 79 83 71 55 68 51 51 36 57 60 41 35 31 46 35 37 56 40 50 56 57 21 52 32 22 50 50 37 32 38 26 24 38 31 27 5 12 13 17 26 5 6 0
0 1 8 4 3 6 6 1 4 2 4 9 1 6 1 7 10 3 3 9 10 4 10 7 10 3 1 8 5 4 5 8 8 10 9 4 2 2 4 3 4 8 2 9 2 4 4 10 7 8 6 6 10 4 6 2 6 2 4 2 4 7 7 8 6 9 2 9 6 10 1
30 0 0 0 0 0 0 0 0 0 0 0 0 0 0 0 0 0 0 0 0 0 0 0 0 0 0 0 0 0 0 0 0 0 0 0 0 0 0 0 0 0 0 0 0 0 0 0 0 0 0 0 0 0 0 0 0 0 0 0 0 0 0 0 0 0 0 0 0 0 0
