0 53 69 10 79 33 25 42 85 19 72 22 34 63 19 60 68 87 68 54 97 24 97 38 94 95 57 46 101 71 52 50 39 103 108 91 67 108 100 113 74 121 72 79 103 73 82 99 112 68 107 92 113 68 74 78 116 131 71 77 78 118 123 85 104 115 133 79 95 93 106 118 134 135 79 99 133 104 105 109 151
53 0 22 49 30 26 38 21 34 48 21 47 35 12 54 19 17 36 17 33 46 65 46 57 43 44 42 57 50 34 55 63 76 52 57 40 64 57 49 62 69 70 73 66 52 74 69 52 61 87 56 71 62 95 93 91 65 80 98 104 103 67 72 106 87 76 82 114 98 106 91 79 83 84 120 100 82 99 98 94 100
69 22 0 65 14 42 54 37 18 64 11 63 51 22 70 35 27 20 33 49 30 81 30 73 27 28 58 73 34 50 71 79 92 36 41 52 80 45 49 46 85 54 89 82 58 90 85 68 55 103 66 87 64 111 109 107 67 64 114 120 119 83 80 122 103 92 74 130 114 122 107 95 81 80 136 116 82 115 114 110 84
10 49 65 0 73 25 17 34 77 11 64 14 26 55 11 52 60 79 60 46 89 20 89 30 86 87 49 38 93 63 44 42 31 95 100 83 59 100 92 105 66 113 64 71 95 65 74 91 104 60 99 84 105 60 66 70 108 123 63 69 70 110 115 77 96 107 125 73 87 85 98 110 126 127 75 91 125 96 97 101 143
79 30 14 73 0 50 62 45 6 72 19 71 59 30 78 43 35 16 41 57 18 89 20 81 27 26 66 81 26 58 79 87 100 40 35 60 88 49 57 48 93 46 97 90 66 98 93 76 63 111 74 95 72 119 117 115 75 62 122 128 127 91 88 130 111 100 82 138 122 130 115 103 89 88 144 124 90 123 122 118 76
33 26 42 25 50 0 14 11 54 24 41 21 9 32 28 29 37 56 37 23 66 39 66 31 63 64 26 31 70 40 29 37 50 72 77 60 38 77 69 82 43 90 47 48 72 48 51 68 81 61 76 61 82 69 67 65 85 100 72 78 77 87 92 80 73 84 102 88 72 80 75 87 103 104 94 74 102 73 74 78 120
25 38 54 17 62 14 0 23 66 14 51 11 11 40 18 37 45 64 45 31 74 29 74 21 71 72 34 23 78 48 29 27 40 80 85 68 44 85 77 90 51 98 49 56 80 50 59 76 89 51 84 69 90 59 57 59 93 108 62 68 67 95 100 70 81 92 110 78 72 74 83 95 111 112 84 76 110 81 82 86 128
42 21 37 34 45 11 23 0 49 31 34 28 16 23 35 20 28 47 28 14 57 46 57 38 54 55 23 38 61 31 36 44 57 63 68 51 45 68 60 73 50 81 54 47 63 55 50 59 72 68 67 56 73 76 74 72 76 91 79 85 84 78 83 87 68 75 93 95 79 87 72 78 94 95 101 81 93 80 79 75 111
85 34 18 77 6 54 66 49 0 74 19 71 59 30 78 43 35 16 41 57 14 89 16 81 27 26 66 81 26 58 79 87 100 40 35 60 88 49 57 48 93 46 97 90 66 98 93 76 63 111 74 95 72 119 117 115 75 62 122 128 127 91 88 130 111 100 82 138 122 130 115 103 89 88 144 124 90 123 122 118 76
19 48 64 11 72 24 14 31 74 0 57 5 17 46 6 43 51 70 51 37 80 17 80 21 77 78 40 29 84 54 35 33 28 86 91 74 50 91 83 96 57 104 55 62 86 56 65 82 95 51 90 75 96 53 57 61 99 114 56 62 63 101 106 68 87 98 116 68 78 76 89 101 117 118 74 82 116 87 88 92 134
72 21 11 64 19 41 51 34 19 57 0 54 42 13 61 26 18 15 24 40 25 72 25 64 22 23 49 64 29 41 62 70 83 31 36 43 71 38 40 41 76 49 80 73 49 81 76 59 46 94 57 78 55 102 100 98 58 59 105 111 110 74 71 113 94 83 65 121 105 113 98 86 72 71 127 107 73 106 105 101 79
22 47 63 14 71 21 11 28 71 5 54 0 14 43 9 40 48 67 48 34 77 18 77 18 74 75 37 26 81 51 32 30 29 83 88 71 47 88 80 93 54 101 52 59 83 53 62 79 92 48 87 72 93 52 54 58 96 111 55 61 62 98 103 65 84 95 113 67 75 73 86 98 114 115 73 79 113 84 85 89 131
34 35 51 26 59 9 11 16 59 17 42 14 0 31 21 28 36 55 36 22 65 30 65 22 62 63 25 22 69 39 20 28 41 71 76 59 35 76 68 81 42 89 44 47 71 45 50 67 80 52 75 60 81 60 58 56 84 99 63 69 68 86 91 71 72 83 101 79 67 71 74 86 102 103 85 71 101 72 73 77 119
63 12 22 55 30 32 40 23 30 46 13 43 31 0 50 15 7 24 13 29 34 61 34 53 31 32 38 53 38 30 51 59 72 40 45 32 60 45 37 50 65 58 69 62 42 70 65 48 49 83 50 67 50 91 89 87 53 68 94 100 99 63 64 102 83 72 70 110 94 102 87 75 71 72 116 96 70 95 94 90 88
19 54 70 11 78 28 18 35 78 6 61 9 21 50 0 43 51 70 51 37 80 13 80 21 77 78 40 29 84 54 35 33 24 86 91 74 50 91 83 96 57 104 55 62 86 56 65 82 95 51 90 75 96 51 57 61 99 114 54 60 61 101 106 68 87 98 116 64 78 76 89 101 117 118 70 82 116 87 88 92 134
60 19 35 52 43 29 37 20 43 43 26 40 28 15 43 0 10 29 10 16 37 48 37 40 34 35 25 40 41 17 38 46 59 43 48 31 47 48 40 53 52 61 56 49 43 57 52 41 52 70 47 54 53 78 76 74 56 71 81 87 86 58 63 89 70 59 73 97 81 89 74 62 74 75 103 83 73 82 81 77 91
68 17 27 60 35 37 45 28 35 51 18 48 36 7 51 10 0 21 8 24 29 56 29 48 26 27 33 48 33 25 46 54 67 35 40 27 55 40 32 45 60 53 64 57 37 65 60 43 44 78 45 62 45 86 84 82 48 63 89 95 94 58 59 97 78 67 65 105 89 97 82 70 66 67 111 91 65 90 89 85 83
87 36 20 79 16 56 64 47 16 70 15 67 55 24 70 29 21 0 27 41 12 73 12 65 11 10 50 65 16 42 63 71 84 24 23 44 72 33 41 32 77 36 81 74 50 82 77 60 47 95 58 79 56 103 101 99 59 50 106 112 111 75 72 114 95 84 66 122 106 114 99 87 73 72 128 108 74 107 106 102 66
68 17 33 60 41 37 45 28 41 51 24 48 36 13 51 10 8 27 0 18 31 50 31 42 28 29 27 42 35 19 40 48 61 37 42 25 49 42 34 47 54 55 58 51 37 59 54 37 46 72 41 56 47 80 78 76 50 65 83 89 88 52 57 91 72 61 67 99 83 91 76 64 68 69 105 85 67 84 83 79 85
54 33 49 46 57 23 31 14 57 37 40 34 22 29 37 16 24 41 18 0 43 34 43 26 40 41 11 26 47 17 24 32 45 49 54 37 33 54 46 59 38 67 42 35 49 43 38 45 58 56 53 44 59 64 62 60 62 77 67 73 72 64 69 75 56 61 79 83 67 75 60 64 80 81 89 69 79 68 67 63 97
97 46 30 89 18 66 74 57 14 80 25 77 65 34 80 37 29 12 31 43 0 75 2 67 13 12 52 67 12 44 65 73 86 26 21 46 74 35 43 34 79 32 83 76 52 84 79 62 49 97 60 81 58 105 103 101 61 48 108 114 113 77 74 116 97 86 68 124 108 116 101 89 75 74 130 110 76 109 108 104 62
24 65 81 20 89 39 29 46 89 17 72 18 30 61 13 48 56 73 50 34 75 0 75 16 72 73 35 24 79 49 30 28 17 81 86 69 45 86 78 91 52 99 50 57 81 51 60 77 90 46 85 70 91 46 52 56 94 109 49 55 56 96 101 63 82 93 111 57 73 71 84 96 112 113 57 77 111 82 83 87 129
97 46 30 89 20 66 74 57 16 80 25 77 65 34 80 37 29 12 31 43 2 75 0 67 13 12 52 67 12 44 65 73 86 26 21 46 74 35 43 34 79 32 83 76 52 84 79 62 49 97 60 81 58 105 103 101 61 48 108 114 113 77 74 116 97 86 68 124 108 116 101 89 75 74 130 110 76 109 108 104 62
38 57 73 30 81 31 21 38 81 21 64 18 22 53 21 40 48 65 42 26 67 16 67 0 58 61 21 10 65 35 16 14 21 67 72 55 31 72 64 77 38 85 36 43 67 37 46 63 76 32 71 56 77 40 38 42 80 95 43 49 48 82 87 51 68 79 97 59 59 57 70 82 98 99 65 63 97 68 69 73 115
94 43 27 86 27 63 71 54 27 77 22 74 62 31 77 34 26 11 28 40 13 72 13 58 0 3 39 54 9 31 52 60 73 15 16 33 61 24 30 23 66 29 70 63 39 71 66 49 36 84 47 68 45 92 90 88 48 41 95 101 100 64 61 103 84 73 55 111 95 103 88 76 62 61 117 97 63 96 95 91 59
95 44 28 87 26 64 72 55 26 78 23 75 63 32 78 35 27 10 29 41 12 73 12 61 3 0 42 57 6 34 55 63 76 16 15 36 64 25 33 24 69 26 73 66 42 74 69 52 39 87 50 71 48 95 93 91 51 42 98 104 103 67 64 106 87 76 58 114 98 106 91 79 65 64 120 100 66 99 98 94 56
57 42 58 49 66 26 34 23 66 40 49 37 25 38 40 25 33 50 27 11 52 35 52 21 39 42 0 17 46 16 13 21 34 48 53 36 22 53 45 58 27 66 31 26 48 32 29 44 57 45 52 37 58 53 51 49 61 76 56 62 61 63 68 64 49 60 78 72 56 64 51 63 79 80 78 58 78 57 58 54 96
46 57 73 38 81 31 23 38 81 29 64 26 22 53 29 40 48 65 42 26 67 24 67 10 54 57 17 0 61 31 10 8 21 59 64 47 23 64 56 69 30 77 28 35 59 29 38 55 68 32 63 48 69 40 38 38 72 87 43 49 48 74 79 51 60 71 89 59 51 53 62 74 90 91 65 55 89 60 61 65 107
101 50 34 93 26 70 78 61 26 84 29 81 69 38 84 41 33 16 35 47 12 79 12 65 9 6 46 61 0 38 55 63 76 16 11 36 64 25 33 24 69 22 73 66 42 74 69 52 39 87 50 71 48 95 93 91 51 38 98 104 103 67 64 106 87 76 58 114 98 106 91 79 65 64 120 100 66 99 98 94 52
71 34 50 63 58 40 48 31 58 54 41 51 39 30 54 17 25 42 19 17 44 49 44 35 31 34 16 31 38 0 23 31 44 34 39 22 32 39 31 44 37 52 41 34 34 42 37 30 43 55 38 39 44 63 61 59 47 62 66 72 71 49 54 74 55 46 64 82 66 74 59 49 65 66 88 68 64 67 66 62 82
52 55 71 44 79 29 29 36 79 35 62 32 20 51 35 38 46 63 40 24 65 30 65 16 52 55 13 10 55 23 0 10 23 51 56 39 15 56 48 61 22 69 24 27 51 25 30 47 60 34 55 40 61 42 40 38 64 79 45 51 50 66 71 53 52 63 81 61 49 53 54 66 82 83 67 51 81 52 53 57 99
50 63 79 42 87 37 27 44 87 33 70 30 28 59 33 46 54 71 48 32 73 28 73 14 60 63 21 8 63 31 10 0 19 55 60 43 19 60 52 65 26 73 24 31 55 25 34 51 64 26 59 44 65 34 32 34 68 83 37 43 42 70 75 45 56 67 85 53 47 49 58 70 86 87 59 51 85 56 57 61 103
39 76 92 31 100 50 40 57 100 28 83 29 41 72 24 59 67 84 61 45 86 17 86 21 73 76 34 21 76 44 23 19 0 66 71 54 30 71 63 76 37 84 35 42 66 36 45 62 75 31 70 55 76 31 37 41 79 94 34 40 41 81 86 48 67 78 96 44 58 56 69 81 97 98 48 62 96 67 68 72 114
103 52 36 95 40 72 80 63 40 86 31 83 71 40 86 43 35 24 37 49 26 81 26 67 15 16 48 59 16 34 51 55 66 0 7 20 48 11 17 12 53 20 57 50 26 58 53 36 23 71 34 55 32 79 77 75 35 30 82 88 87 51 48 90 71 60 42 98 82 90 75 63 49 48 104 84 50 83 82 78 50
108 57 41 100 35 77 85 68 35 91 36 88 76 45 91 48 40 23 42 54 21 86 21 72 16 15 53 64 11 39 56 60 71 7 0 27 55 16 24 15 60 13 64 57 33 65 60 43 30 78 41 62 39 86 84 82 42 29 89 95 94 58 55 97 78 67 49 105 89 97 82 70 56 55 111 91 57 90 89 85 43
91 40 52 83 60 60 68 51 60 74 43 71 59 32 74 31 27 44 25 37 46 69 46 55 33 36 36 47 36 22 39 43 54 20 27 0 30 19 11 24 33 32 37 30 14 38 33 16 23 51 18 35 24 59 57 55 27 42 62 68 67 31 34 70 51 40 44 78 62 70 55 43 45 46 84 64 44 63 62 58 62
67 64 80 59 88 38 44 45 88 50 71 47 35 60 50 47 55 72 49 33 74 45 74 31 61 64 22 23 64 32 15 19 30 48 55 30 0 43 35 48 9 56 11 14 38 12 17 34 47 23 42 27 48 31 29 27 51 66 34 40 39 53 58 42 39 50 68 50 36 42 41 53 69 70 56 38 68 39 40 44 86
108 57 45 100 49 77 85 68 49 91 38 88 76 45 91 48 40 33 42 54 35 86 35 72 24 25 53 64 25 39 56 60 71 11 16 19 43 0 10 7 46 15 50 43 19 51 46 29 16 64 27 48 25 72 70 68 28 25 75 81 80 44 41 83 64 53 35 91 75 83 68 56 42 41 97 77 43 76 75 71 45
100 49 49 92 57 69 77 60 57 83 40 80 68 37 83 40 32 41 34 46 43 78 43 64 30 33 45 56 33 31 48 52 63 17 24 11 35 10 0 15 36 23 40 33 9 41 36 19 14 54 17 38 15 62 60 58 18 33 65 71 70 34 31 73 54 43 35 81 65 73 58 46 36 37 87 67 35 66 65 61 53
113 62 46 105 48 82 90 73 48 96 41 93 81 50 96 53 45 32 47 59 34 91 34 77 23 24 58 69 24 44 61 65 76 12 15 24 48 7 15 0 47 8 51 44 20 52 47 30 17 65 28 49 26 73 71 69 29 20 76 82 81 45 42 84 65 54 36 92 76 84 69 57 43 42 98 78 44 77 76 72 38
74 69 85 66 93 43 51 50 93 57 76 54 42 65 57 52 60 77 54 38 79 52 79 38 66 69 27 30 69 37 22 26 37 53 60 33 9 46 36 47 0 47 6 5 29 7 10 25 38 20 33 18 39 28 26 24 42 57 31 37 36 44 49 39 30 41 59 47 31 39 32 44 60 61 53 33 59 32 33 35 77
121 70 54 113 46 90 98 81 46 104 49 101 89 58 104 61 53 36 55 67 32 99 32 85 29 26 66 77 22 52 69 73 84 20 13 32 56 15 23 8 47 0 51 44 20 52 47 30 17 65 28 49 26 73 71 69 29 18 76 82 81 45 42 84 65 54 36 92 76 84 69 57 43 42 98 78 44 77 76 72 32
72 73 89 64 97 47 49 54 97 55 80 52 44 69 55 56 64 81 58 42 83 50 83 36 70 73 31 28 73 41 24 24 35 57 64 37 11 50 40 51 6 51 0 9 33 1 10 27 40 14 35 20 41 22 20 18 44 59 25 31 30 46 51 33 32 43 61 41 29 33 34 46 62 63 47 31 61 32 33 37 79
79 66 82 71 90 48 56 47 90 62 73 59 47 62 62 49 57 74 51 35 76 57 76 43 63 66 26 35 66 34 27 31 42 50 57 30 14 43 33 44 5 44 9 0 26 10 5 20 33 23 28 13 34 31 29 27 37 52 34 40 39 39 44 42 25 36 54 50 34 42 27 39 55 56 56 36 54 35 34 30 72
103 52 58 95 66 72 80 63 66 86 49 83 71 42 86 43 37 50 37 49 52 81 52 67 39 42 48 59 42 34 51 55 66 26 33 14 38 19 9 20 29 20 33 26 0 34 29 12 9 47 10 31 10 55 53 51 13 28 58 64 63 27 24 66 47 36 30 74 58 66 51 39 31 32 80 60 30 59 58 54 48
73 74 90 65 98 48 50 55 98 56 81 53 45 70 56 57 65 82 59 43 84 51 84 37 71 74 32 29 74 42 25 25 36 58 65 38 12 51 41 52 7 52 1 10 34 0 9 26 39 13 34 19 40 21 19 17 43 58 24 30 29 45 50 32 31 42 60 40 28 32 33 45 61 62 46 30 60 31 32 36 78
82 69 85 74 93 51 59 50 93 65 76 62 50 65 65 52 60 77 54 38 79 60 79 46 66 69 29 38 69 37 30 34 45 53 60 33 17 46 36 47 10 47 10 5 29 9 0 19 32 20 25 10 31 28 26 24 34 49 31 37 36 36 41 39 22 33 51 47 31 39 24 36 52 53 53 33 51 32 31 27 69
99 52 68 91 76 68 76 59 76 82 59 79 67 48 82 41 43 60 37 45 62 77 62 63 49 52 44 55 52 30 47 51 62 36 43 16 34 29 19 30 25 30 27 20 12 26 19 0 15 37 10 21 16 45 43 41 19 34 48 54 53 21 26 56 37 26 36 64 48 56 41 29 37 38 70 50 36 49 48 44 54
112 61 55 104 63 81 89 72 63 95 46 92 80 49 95 52 44 47 46 58 49 90 49 76 36 39 57 68 39 43 60 64 75 23 30 23 47 16 14 17 38 17 40 33 9 39 32 15 0 50 13 34 11 58 56 54 14 19 61 67 66 30 27 69 50 39 21 77 61 69 54 42 28 27 83 63 29 62 61 57 39
68 87 103 60 111 61 51 68 111 51 94 48 52 83 51 70 78 95 72 56 97 46 97 32 84 87 45 32 87 55 34 26 31 71 78 51 23 64 54 65 20 65 14 23 47 13 20 37 50 0 39 24 45 10 8 12 48 63 13 19 18 50 55 21 36 47 65 29 27 27 38 50 66 67 35 31 65 36 37 41 83
107 56 66 99 74 76 84 67 74 90 57 87 75 50 90 47 45 58 41 53 60 85 60 71 47 50 52 63 50 38 55 59 70 34 41 18 42 27 17 28 33 28 35 28 10 34 25 10 13 39 0 23 8 47 45 43 11 26 50 56 55 19 22 58 39 28 28 66 50 58 43 31 29 30 72 52 28 51 50 46 46
92 71 87 84 95 61 69 56 95 75 78 72 60 67 75 54 62 79 56 44 81 70 81 56 68 71 37 48 71 39 40 44 55 55 62 35 27 48 38 49 18 49 20 13 31 19 10 21 34 24 23 0 25 26 24 22 26 41 29 35 34 28 33 37 18 25 43 45 29 37 22 28 44 45 51 31 43 30 29 25 61
113 62 64 105 72 82 90 73 72 96 55 93 81 50 96 53 45 56 47 59 58 91 58 77 45 48 58 69 48 44 61 65 76 32 39 24 48 25 15 26 39 26 41 34 10 40 31 16 11 45 8 25 0 49 47 45 5 18 52 58 57 21 18 60 41 30 20 68 52 60 45 33 23 24 74 54 22 53 52 48 38
68 95 111 60 119 69 59 76 119 53 102 52 60 91 51 78 86 103 80 64 105 46 105 40 92 95 53 40 95 63 42 34 31 79 86 59 31 72 62 73 28 73 22 31 55 21 28 45 58 10 47 26 49 0 8 12 50 65 9 15 16 52 57 19 38 49 67 21 29 27 40 52 68 69 27 33 67 38 39 43 85
74 93 109 66 117 67 57 74 117 57 100 54 58 89 57 76 84 101 78 62 103 52 103 38 90 93 51 38 93 61 40 32 37 77 84 57 29 70 60 71 26 71 20 29 53 19 26 43 56 8 45 24 47 8 0 4 44 57 7 13 12 44 49 15 30 41 59 23 21 21 32 44 60 61 29 25 59 30 31 35 77
78 91 107 70 115 65 59 72 115 61 98 58 56 87 61 74 82 99 76 60 101 56 101 42 88 91 49 38 91 59 38 34 41 75 82 55 27 68 58 69 24 69 18 27 51 17 24 41 54 12 43 22 45 12 4 0 42 55 9 15 14 42 47 17 28 39 57 25 19 21 30 42 58 59 31 23 57 28 29 33 75
116 65 67 108 75 85 93 76 75 99 58 96 84 53 99 56 48 59 50 62 61 94 61 80 48 51 61 72 51 47 64 68 79 35 42 27 51 28 18 29 42 29 44 37 13 43 34 19 14 48 11 26 5 50 44 42 0 15 49 55 54 18 15 57 38 27 17 65 49 57 42 30 20 21 71 51 19 50 49 45 35
131 80 64 123 62 100 108 91 62 114 59 111 99 68 114 71 63 50 65 77 48 109 48 95 41 42 76 87 38 62 79 83 94 30 29 42 66 25 33 20 57 18 59 52 28 58 49 34 19 63 26 41 18 65 57 55 15 0 62 68 67 31 28 70 51 40 22 78 62 70 55 43 29 28 84 64 30 63 62 58 22
71 98 114 63 122 72 62 79 122 56 105 55 63 94 54 81 89 106 83 67 108 49 108 43 95 98 56 43 98 66 45 37 34 82 89 62 34 75 65 76 31 76 25 34 58 24 31 48 61 13 50 29 52 9 7 9 49 62 0 12 13 49 54 16 35 46 64 18 26 24 37 49 65 66 24 30 64 35 36 40 82
77 104 120 69 128 78 68 85 128 62 111 61 69 100 60 87 95 112 89 73 114 55 114 49 101 104 62 49 104 72 51 43 40 88 95 68 40 81 71 82 37 82 31 40 64 30 37 54 67 19 56 35 58 15 13 15 55 68 12 0 1 43 48 10 29 40 58 12 20 18 31 43 59 60 18 24 58 29 30 34 76
78 103 119 70 127 77 67 84 127 63 110 62 68 99 61 86 94 111 88 72 113 56 113 48 100 103 61 48 103 71 50 42 41 87 94 67 39 80 70 81 36 81 30 39 63 29 36 53 66 18 55 34 57 16 12 14 54 67 13 1 0 42 47 9 28 39 57 13 19 17 30 42 58 59 19 23 57 28 29 33 75
118 67 83 110 91 87 95 78 91 101 74 98 86 63 101 58 58 75 52 64 77 96 77 82 64 67 63 74 67 49 66 70 81 51 58 31 53 44 34 45 44 45 46 39 27 45 36 21 30 50 19 28 21 52 44 42 18 31 49 43 42 0 7 39 20 9 17 47 31 39 24 12 18 19 53 33 17 32 31 27 35
123 72 80 115 88 92 100 83 88 106 71 103 91 64 106 63 59 72 57 69 74 101 74 87 61 64 68 79 64 54 71 75 86 48 55 34 58 41 31 42 49 42 51 44 24 50 41 26 27 55 22 33 18 57 49 47 15 28 54 48 47 7 0 44 25 14 12 52 36 44 29 17 13 14 58 38 12 37 36 32 30
85 106 122 77 130 80 70 87 130 68 113 65 71 102 68 89 97 114 91 75 116 63 116 51 103 106 64 51 106 74 53 45 48 90 97 70 42 83 73 84 39 84 33 42 66 32 39 56 69 21 58 37 60 19 15 17 57 70 16 10 9 39 44 0 23 32 50 8 12 10 23 35 51 52 14 16 50 21 22 26 68
104 87 103 96 111 73 81 68 111 87 94 84 72 83 87 70 78 95 72 56 97 82 97 68 84 87 49 60 87 55 52 56 67 71 78 51 39 64 54 65 30 65 32 25 47 31 22 37 50 36 39 18 41 38 30 28 38 51 35 29 28 20 25 23 0 11 29 29 13 21 6 14 30 31 35 15 29 14 13 9 47
115 76 92 107 100 84 92 75 100 98 83 95 83 72 98 59 67 84 61 61 86 93 86 79 73 76 60 71 76 46 63 67 78 60 67 40 50 53 43 54 41 54 43 36 36 42 33 26 39 47 28 25 30 49 41 39 27 40 46 40 39 9 14 32 11 0 20 38 22 30 15 5 21 22 44 24 20 23 22 18 38
133 82 74 125 82 102 110 93 82 116 65 113 101 70 116 73 65 66 67 79 68 111 68 97 55 58 78 89 58 64 81 85 96 42 49 44 68 35 35 36 59 36 61 54 30 60 51 36 21 65 28 43 20 67 59 57 17 22 64 58 57 17 12 50 29 20 0 56 40 48 33 21 9 8 62 42 10 41 40 36 20
79 114 130 73 138 88 78 95 138 68 121 67 79 110 64 97 105 122 99 83 124 57 124 59 111 114 72 59 114 82 61 53 44 98 105 78 50 91 81 92 47 92 41 50 74 40 47 64 77 29 66 45 68 21 23 25 65 78 18 12 13 47 52 8 29 38 56 0 18 14 27 39 55 56 8 20 54 25 26 30 72
95 98 114 87 122 72 72 79 122 78 105 75 67 94 78 81 89 106 83 67 108 73 108 59 95 98 56 51 98 66 49 47 58 82 89 62 36 75 65 76 31 76 29 34 58 28 31 48 61 27 50 29 52 29 21 19 49 62 26 20 19 31 36 12 13 22 40 18 0 10 13 25 41 42 24 10 40 11 12 16 58
93 106 122 85 130 80 74 87 130 76 113 73 71 102 76 89 97 114 91 75 116 71 116 57 103 106 64 53 106 74 53 49 56 90 97 70 42 83 73 84 39 84 33 42 66 32 39 56 69 27 58 37 60 27 21 21 57 70 24 18 17 39 44 10 21 30 48 14 10 0 15 27 43 44 16 8 42 13 14 18 60
106 91 107 98 115 75 83 72 115 89 98 86 74 87 89 74 82 99 76 60 101 84 101 70 88 91 51 62 91 59 54 58 69 75 82 55 41 68 58 69 32 69 34 27 51 33 24 41 54 38 43 22 45 40 32 30 42 55 37 31 30 24 29 23 6 15 33 27 13 15 0 14 30 31 29 9 29 8 9 5 47
118 79 95 110 103 87 95 78 103 101 86 98 86 75 101 62 70 87 64 64 89 96 89 82 76 79 63 74 79 49 66 70 81 63 70 43 53 56 46 57 44 57 46 39 39 45 36 29 42 50 31 28 33 52 44 42 30 43 49 43 42 12 17 35 14 5 21 39 25 27 14 0 18 19 41 21 17 20 19 15 35
134 83 81 126 89 103 111 94 89 117 72 114 102 71 117 74 66 73 68 80 75 112 75 98 62 65 79 90 65 65 82 86 97 49 56 45 69 42 36 43 60 43 62 55 31 61 52 37 28 66 29 44 23 68 60 58 20 29 65 59 58 18 13 51 30 21 9 55 41 43 30 18 0 1 57 37 3 36 35 31 19
135 84 80 127 88 104 112 95 88 118 71 115 103 72 118 75 67 72 69 81 74 113 74 99 61 64 80 91 64 66 83 87 98 48 55 46 70 41 37 42 61 42 63 56 32 62 53 38 27 67 30 45 24 69 61 59 21 28 66 60 59 19 14 52 31 22 8 56 42 44 31 19 1 0 58 38 4 37 36 32 18
79 120 136 75 144 94 84 101 144 74 127 73 85 116 70 103 111 128 105 89 130 57 130 65 117 120 78 65 120 88 67 59 48 104 111 84 56 97 87 98 53 98 47 56 80 46 53 70 83 35 72 51 74 27 29 31 71 84 24 18 19 53 58 14 35 44 62 8 24 16 29 41 57 58 0 22 56 27 28 32 74
99 100 116 91 124 74 76 81 124 82 107 79 71 96 82 83 91 108 85 69 110 77 110 63 97 100 58 55 100 68 51 51 62 84 91 64 38 77 67 78 33 78 31 36 60 30 33 50 63 31 52 31 54 33 25 23 51 64 30 24 23 33 38 16 15 24 42 20 10 8 9 21 37 38 22 0 36 7 8 12 54
133 82 82 125 90 102 110 93 90 116 73 113 101 70 116 73 65 74 67 79 76 111 76 97 63 66 78 89 66 64 81 85 96 50 57 44 68 43 35 44 59 44 61 54 30 60 51 36 29 65 28 43 22 67 59 57 19 30 64 58 57 17 12 50 29 20 10 54 40 42 29 17 3 4 56 36 0 33 32 30 20
104 99 115 96 123 73 81 80 123 87 106 84 72 95 87 82 90 107 84 68 109 82 109 68 96 99 57 60 99 67 52 56 67 83 90 63 39 76 66 77 32 77 32 35 59 31 32 49 62 36 51 30 53 38 30 28 50 63 35 29 28 32 37 21 14 23 41 25 11 13 8 20 36 37 27 7 33 0 1 5 47
105 98 114 97 122 74 82 79 122 88 105 85 73 94 88 81 89 106 83 67 108 83 108 69 95 98 58 61 98 66 53 57 68 82 89 62 40 75 65 76 33 76 33 34 58 32 31 48 61 37 50 29 52 39 31 29 49 62 36 30 29 31 36 22 13 22 40 26 12 14 9 19 35 36 28 8 32 1 0 4 46
109 94 110 101 118 78 86 75 118 92 101 89 77 90 92 77 85 102 79 63 104 87 104 73 91 94 54 65 94 62 57 61 72 78 85 58 44 71 61 72 35 72 37 30 54 36 27 44 57 41 46 25 48 43 35 33 45 58 40 34 33 27 32 26 9 18 36 30 16 18 5 15 31 32 32 12 30 5 4 0 44
151 100 84 143 76 120 128 111 76 134 79 131 119 88 134 91 83 66 85 97 62 129 62 115 59 56 96 107 52 82 99 103 114 50 43 62 86 45 53 38 77 32 79 72 48 78 69 54 39 83 46 61 38 85 77 75 35 22 82 76 75 35 30 68 47 38 20 72 58 60 47 35 19 18 74 54 20 47 46 44 0
0 7 1 5 7 1 7 5 9 4 5 1 1 9 9 5 3 9 8 3 8 5 3 8 8 6 1 7 6 10 8 3 4 1 6 5 3 5 6 10 2 7 4 10 8 5 4 2 2 4 6 5 10 2 3 7 1 9 4 9 7 10 8 1 10 7 5 8 7 6 7 8 3 9 3 4 10 10 5 8 5
34 0 0 0 0 0 0 0 0 0 0 0 0 0 0 0 0 0 0 0 0 0 0 0 0 0 0 0 0 0 0 0 0 0 0 0 0 0 0 0 0 0 0 0 0 0 0 0 0 0 0 0 0 0 0 0 0 0 0 0 0 0 0 0 0 0 0 0 0 0 0 0 0 0 0 0 0 0 0 0 0
