0 77 9 30 62 29 41 77 22 62 70 39 63 44 57 65 63 87 91 34 102 30 65 69 102 41 31 43 75 76 88 58 35 107 60 93 103 110 61 65 95 86 118 63 95 83 103 114 77 111 129 130 74 79 130 133 101 132 82 83 92 136 123 133 140 144 77 82 76 124 122 136 83 85 109 113 118 119 113 114 112
77 0 76 55 23 56 44 12 69 33 29 62 38 59 46 38 42 18 16 89 27 95 60 56 27 88 100 88 58 57 45 77 104 32 83 60 54 47 98 94 64 79 53 114 80 100 78 69 110 78 58 57 115 110 59 58 94 63 117 116 109 63 78 68 65 69 130 125 135 87 91 77 136 134 110 106 101 100 108 107 113
9 76 0 27 59 22 34 70 15 55 63 32 56 37 50 58 56 80 84 27 95 25 58 62 95 34 30 36 68 69 81 51 34 100 53 86 96 103 54 58 88 79 111 56 88 76 96 107 70 104 122 123 67 72 123 126 94 125 75 76 85 129 116 126 133 137 70 75 69 117 115 129 76 78 102 106 111 112 106 107 105
30 55 27 0 38 7 13 49 20 34 42 13 35 16 29 37 35 59 63 40 74 46 37 41 74 39 51 39 47 48 60 30 55 79 34 65 75 82 49 45 67 58 90 65 67 55 75 86 61 83 101 102 66 61 102 105 73 104 68 67 64 108 95 105 112 116 81 76 86 96 94 108 87 85 81 85 90 91 85 86 84
62 23 59 38 0 39 27 17 52 16 12 45 21 42 29 21 25 27 31 72 42 78 43 39 42 71 83 71 41 40 28 60 87 47 66 43 43 50 81 77 47 62 58 97 63 83 61 58 93 61 69 70 98 93 70 73 77 72 100 99 92 76 67 73 80 84 113 108 118 70 74 76 119 117 93 89 84 83 91 90 96
29 56 22 7 39 0 14 50 15 35 43 12 36 17 30 38 36 60 64 33 75 39 38 42 75 32 44 32 48 49 61 31 48 80 33 66 76 83 42 42 68 59 91 58 68 56 76 87 54 84 102 103 59 56 103 106 74 105 61 60 65 109 96 106 113 117 74 69 79 97 95 109 80 78 82 86 91 92 86 87 85
41 44 34 13 27 14 0 38 27 23 31 18 24 15 18 26 24 48 52 45 63 51 26 30 63 44 56 44 36 37 49 33 60 68 39 54 64 71 54 50 56 47 79 70 56 56 64 75 66 72 90 91 71 66 91 94 62 93 73 72 65 97 84 94 101 105 86 81 91 85 83 97 92 90 72 74 79 80 74 75 75
77 12 70 49 17 50 38 0 63 23 19 52 28 49 36 28 32 12 16 79 27 85 50 46 27 78 90 78 48 47 35 67 94 32 73 50 44 37 88 84 54 69 45 104 70 90 68 59 100 68 56 55 105 100 57 58 84 59 107 106 99 61 68 60 65 69 120 115 125 77 81 67 126 124 100 96 91 90 98 97 103
22 69 15 20 52 15 27 63 0 42 50 19 43 24 37 45 43 67 71 22 82 28 45 49 82 21 33 23 55 56 68 38 37 87 40 73 83 90 41 45 75 66 98 47 75 63 83 94 57 91 109 110 54 59 110 113 81 112 62 63 72 116 103 113 120 124 63 62 68 104 102 116 69 67 89 93 98 99 93 94 92
62 33 55 34 16 35 23 23 42 0 10 31 5 28 13 5 9 27 31 56 42 62 27 23 42 55 67 55 25 24 28 44 71 47 50 33 43 50 65 61 35 46 58 81 47 67 45 54 77 51 69 70 82 77 70 73 61 72 84 83 76 76 63 73 80 84 97 92 102 64 62 76 103 101 77 73 68 67 75 74 80
70 29 63 42 12 43 31 19 50 10 0 39 15 34 19 11 15 19 23 62 34 68 33 29 34 61 73 61 31 30 20 50 77 39 56 33 35 42 71 67 37 52 50 87 53 73 51 48 83 51 61 62 88 83 62 65 67 64 90 89 82 68 57 65 72 76 103 98 108 60 64 68 109 107 83 79 74 73 81 80 86
39 62 32 13 45 12 18 52 19 31 39 0 30 7 22 30 26 50 54 29 65 35 28 32 65 28 40 28 38 39 51 21 44 70 23 56 66 73 38 34 58 49 81 54 58 46 66 77 50 74 92 93 55 50 93 96 64 95 57 56 55 99 86 96 103 107 70 65 75 87 85 99 76 74 72 76 81 82 76 77 75
63 38 56 35 21 36 24 28 43 5 15 30 0 25 10 4 6 26 30 53 41 59 24 20 41 52 64 52 22 21 27 41 68 46 47 32 42 49 62 58 34 43 57 78 44 64 42 53 74 50 68 69 79 74 69 72 58 71 81 80 73 75 62 72 79 83 94 89 99 63 61 75 100 98 74 70 65 64 72 71 77
44 59 37 16 42 17 15 49 24 28 34 7 25 0 17 25 21 45 49 30 60 36 23 27 60 29 41 29 33 34 46 20 45 65 24 51 61 68 39 35 53 44 76 55 53 45 61 72 51 69 87 88 56 51 88 91 59 90 58 57 54 94 81 91 98 102 71 66 76 82 80 94 77 75 67 71 76 77 71 72 70
57 46 50 29 29 30 18 36 37 13 19 22 10 17 0 10 6 30 34 45 45 51 16 14 45 44 56 44 18 19 31 33 60 50 39 36 46 53 54 50 38 37 61 70 40 56 46 57 66 54 72 73 71 66 73 76 52 75 73 72 65 79 66 76 83 87 86 81 91 67 65 79 92 90 66 64 63 64 66 65 69
65 38 58 37 21 38 26 28 45 5 11 30 4 25 10 0 6 22 26 53 37 59 24 20 37 52 64 52 22 21 23 41 68 42 47 28 38 45 62 58 32 43 53 78 44 64 42 49 74 48 64 65 79 74 65 68 58 67 81 80 73 71 58 68 75 79 94 89 99 59 59 71 100 98 74 70 65 64 72 71 77
63 42 56 35 25 36 24 32 43 9 15 26 6 21 6 6 0 26 30 47 41 53 18 14 41 46 58 46 16 15 27 35 62 46 41 32 42 49 56 52 34 37 57 72 38 58 42 53 68 50 68 69 73 68 69 72 52 71 75 74 67 75 62 72 79 83 88 83 93 63 61 75 94 92 68 64 61 62 66 65 71
87 18 80 59 27 60 48 12 67 27 19 50 26 45 30 22 26 0 6 71 17 77 42 38 17 70 82 70 40 39 27 59 86 22 65 42 36 29 80 76 46 61 37 96 62 82 60 51 92 60 46 45 97 92 47 48 76 51 99 98 91 51 60 52 55 59 112 107 117 69 73 59 118 116 92 88 83 82 90 89 95
91 16 84 63 31 64 52 16 71 31 23 54 30 49 34 26 30 6 0 75 13 81 46 42 13 74 86 74 44 43 31 63 90 18 69 46 40 33 84 80 50 65 39 100 66 86 64 55 96 64 44 43 101 96 45 44 80 49 103 102 95 49 64 54 51 55 116 111 121 73 77 63 122 120 96 92 87 86 94 93 99
34 89 27 40 72 33 45 79 22 56 62 29 53 30 45 53 47 71 75 0 70 6 33 37 70 9 11 11 43 44 56 26 15 75 28 61 71 78 29 33 63 54 86 33 63 51 71 82 45 79 97 98 42 47 98 101 69 100 50 51 60 104 91 101 108 112 47 50 48 92 90 104 53 55 77 81 86 87 81 82 80
102 27 95 74 42 75 63 27 82 42 34 65 41 60 45 37 41 17 13 70 0 74 39 35 2 67 79 67 37 36 24 56 83 11 62 39 33 26 77 73 43 58 32 93 59 79 57 48 89 57 37 36 94 89 38 37 73 42 96 95 88 42 57 47 44 48 109 104 114 66 70 56 115 113 89 85 80 79 87 86 92
30 95 25 46 78 39 51 85 28 62 68 35 59 36 51 59 53 77 81 6 74 0 37 41 74 13 7 15 45 48 60 28 11 77 30 63 73 80 31 35 65 56 88 33 65 53 73 84 47 81 99 100 44 49 100 103 71 102 52 53 62 106 93 103 110 114 47 52 46 94 92 106 53 55 79 83 88 89 83 84 82
65 60 58 37 43 38 26 50 45 27 33 28 24 23 16 24 18 42 46 33 39 37 0 6 39 30 42 30 12 13 25 17 44 44 23 30 40 47 38 34 32 23 55 54 32 40 40 51 50 48 66 67 55 50 67 70 38 69 57 56 49 73 60 70 77 81 70 65 75 61 59 73 76 74 50 50 55 56 50 51 53
69 56 62 41 39 42 30 46 49 23 29 32 20 27 14 20 14 38 42 37 35 41 6 0 35 34 46 34 8 9 21 21 48 40 27 26 36 43 42 38 28 25 51 58 28 44 36 47 54 44 62 63 59 54 63 66 40 65 61 60 53 69 56 66 73 77 74 69 79 57 55 69 80 78 54 52 51 52 54 53 57
102 27 95 74 42 75 63 27 82 42 34 65 41 60 45 37 41 17 13 70 2 74 39 35 0 67 79 67 37 36 24 56 83 11 62 39 33 26 77 73 43 58 32 93 59 79 57 48 89 57 37 36 94 89 38 37 73 42 96 95 88 42 57 47 44 46 109 104 114 66 70 56 115 113 89 85 80 79 87 86 92
41 88 34 39 71 32 44 78 21 55 61 28 52 29 44 52 46 70 74 9 67 13 30 34 67 0 18 4 36 39 51 19 18 68 21 54 64 71 22 26 56 47 79 28 56 44 64 75 38 72 90 91 35 40 91 94 62 93 43 44 53 97 84 94 101 105 44 43 49 85 83 97 50 48 70 74 79 80 74 75 73
31 100 30 51 83 44 56 90 33 67 73 40 64 41 56 64 58 82 86 11 79 7 42 46 79 18 0 18 46 49 61 29 6 78 31 64 74 81 32 36 66 57 89 34 66 54 74 85 48 82 100 101 45 50 101 104 72 103 53 54 63 107 94 104 111 115 48 53 47 95 93 107 54 56 80 84 89 90 84 85 83
43 88 36 39 71 32 44 78 23 55 61 28 52 29 44 52 46 70 74 11 67 15 30 34 67 4 18 0 34 37 49 17 18 66 19 52 62 69 20 24 54 45 77 28 54 42 62 73 36 70 88 89 33 38 89 92 60 91 41 42 51 95 82 92 99 103 44 41 49 83 81 95 50 48 68 72 77 78 72 73 71
75 58 68 47 41 48 36 48 55 25 31 38 22 33 18 22 16 40 44 43 37 45 12 8 37 36 46 34 0 3 17 19 46 34 25 20 30 37 40 36 22 23 45 56 24 42 30 41 52 38 56 57 57 52 57 60 38 59 59 58 51 63 50 60 67 71 72 67 77 51 49 63 78 76 52 50 47 48 52 51 55
76 57 69 48 40 49 37 47 56 24 30 39 21 34 19 21 15 39 43 44 36 48 13 9 36 39 49 37 3 0 14 22 49 31 28 17 27 34 43 39 19 24 42 59 25 45 27 38 55 35 53 54 60 55 54 57 39 56 62 61 54 60 47 57 64 68 75 70 80 48 46 60 81 79 55 51 48 49 53 52 58
88 45 81 60 28 61 49 35 68 28 20 51 27 46 31 23 27 27 31 56 24 60 25 21 24 51 61 49 17 14 0 34 61 19 40 17 15 22 55 51 21 36 30 71 37 57 35 30 67 35 41 42 72 67 42 45 51 44 74 73 66 48 39 45 52 56 87 82 92 44 48 48 93 91 67 63 58 57 65 64 70
58 77 51 30 60 31 33 67 38 44 50 21 41 20 33 41 35 59 63 26 56 28 17 21 56 19 29 17 19 22 34 0 29 51 6 37 47 54 21 17 39 30 62 37 39 27 47 58 33 55 73 74 38 33 74 77 45 76 40 39 36 80 67 77 84 88 53 48 58 68 66 80 59 57 53 57 62 63 57 58 56
35 104 34 55 87 48 60 94 37 71 77 44 68 45 60 68 62 86 90 15 83 11 44 48 83 18 6 18 46 49 61 29 0 78 27 60 70 77 28 32 62 53 85 30 62 50 70 81 44 78 96 97 41 46 97 100 68 99 49 50 59 103 90 100 107 111 44 49 43 91 89 103 50 52 76 80 85 86 80 81 79
107 32 100 79 47 80 68 32 87 47 39 70 46 65 50 42 46 22 18 75 11 77 44 40 11 68 78 66 34 31 19 51 78 0 55 30 24 17 68 64 34 49 23 84 50 70 48 39 80 48 28 27 85 80 29 28 64 33 87 86 79 33 48 38 35 39 100 95 105 57 61 47 106 104 80 76 71 70 78 77 83
60 83 53 34 66 33 39 73 40 50 56 23 47 24 39 47 41 65 69 28 62 30 23 27 62 21 31 19 25 28 40 6 27 55 0 35 45 52 15 13 37 28 60 31 37 25 45 56 27 53 71 72 32 29 72 75 43 74 34 33 34 78 65 75 82 86 47 42 52 66 64 78 53 51 51 55 60 61 55 56 54
93 60 86 65 43 66 54 50 73 33 33 56 32 51 36 28 32 42 46 61 39 63 30 26 39 54 64 52 20 17 17 37 60 30 35 0 12 19 40 36 10 21 27 56 22 42 20 23 52 24 38 39 57 52 39 42 36 41 59 58 51 45 32 42 49 53 72 67 77 33 37 45 78 76 52 48 43 42 50 49 55
103 54 96 75 43 76 64 44 83 43 35 66 42 61 46 38 42 36 40 71 33 73 40 36 33 64 74 62 30 27 15 47 70 24 45 12 0 11 44 40 10 25 17 60 26 46 24 17 56 24 28 29 61 56 29 32 40 31 63 62 55 35 26 32 39 43 76 71 81 33 37 35 82 80 56 52 47 46 54 53 59
110 47 103 82 50 83 71 37 90 50 42 73 49 68 53 45 49 29 33 78 26 80 47 43 26 71 81 69 37 34 22 54 77 17 52 19 11 0 53 49 19 34 10 69 35 55 33 24 65 33 21 20 70 65 22 23 49 24 72 71 64 26 33 25 30 34 85 80 90 42 46 32 91 89 65 61 56 55 63 62 68
61 98 54 49 81 42 54 88 41 65 71 38 62 39 54 62 56 80 84 29 77 31 38 42 77 22 32 20 40 43 55 21 28 68 15 40 44 53 0 6 36 25 57 18 34 22 42 53 16 50 68 69 19 18 69 72 40 71 21 22 31 75 62 72 79 83 34 29 39 63 61 75 40 38 48 52 57 58 52 53 51
65 94 58 45 77 42 50 84 45 61 67 34 58 35 50 58 52 76 80 33 73 35 34 38 73 26 36 24 36 39 51 17 32 64 13 36 40 49 6 0 32 23 55 22 32 20 40 51 18 48 66 67 23 20 67 70 38 69 25 24 29 73 60 70 77 81 38 33 43 61 59 73 44 42 46 50 55 56 50 51 49
95 64 88 67 47 68 56 54 75 35 37 58 34 53 38 32 34 46 50 63 43 65 32 28 43 56 66 54 22 19 21 39 62 34 37 10 10 19 36 32 0 17 25 52 18 38 16 21 48 22 36 37 53 48 37 40 32 39 55 54 47 43 30 40 47 51 68 63 73 31 33 43 74 72 48 44 39 38 46 45 51
86 79 79 58 62 59 47 69 66 46 52 49 43 44 37 43 37 61 65 54 58 56 23 25 58 47 57 45 23 24 36 30 53 49 28 21 25 34 25 23 17 0 34 37 11 23 19 30 33 27 45 46 38 33 46 49 21 48 40 39 32 52 39 49 56 60 53 48 58 40 38 52 59 57 33 33 34 35 33 34 36
118 53 111 90 58 91 79 45 98 58 50 81 57 76 61 53 57 37 39 86 32 88 55 51 32 79 89 77 45 42 30 62 85 23 60 27 17 10 57 55 25 34 0 61 27 47 25 16 57 25 13 14 62 57 14 17 41 16 64 63 56 20 25 17 24 28 77 72 82 34 38 24 83 81 57 53 48 47 55 54 60
63 114 56 65 97 58 70 104 47 81 87 54 78 55 70 78 72 96 100 33 93 33 54 58 93 28 34 28 56 59 71 37 30 84 31 56 60 69 18 22 52 37 61 0 36 22 42 53 16 50 68 69 13 18 69 72 40 71 21 22 31 75 62 72 79 83 22 21 23 63 61 75 28 26 48 52 57 58 52 53 51
95 80 88 67 63 68 56 70 75 47 53 58 44 53 40 44 38 62 66 63 59 65 32 28 59 56 66 54 24 25 37 39 62 50 37 22 26 35 34 32 18 11 27 36 0 22 8 19 32 16 34 35 37 32 35 38 16 37 39 38 31 41 28 38 45 49 52 47 57 29 27 41 58 56 32 28 25 26 30 29 35
83 100 76 55 83 56 56 90 63 67 73 46 64 45 56 64 58 82 86 51 79 53 40 44 79 44 54 42 42 45 57 27 50 70 25 42 46 55 22 20 38 23 47 22 22 0 22 33 12 30 48 49 17 12 49 52 20 51 19 18 15 55 42 52 59 63 32 27 37 43 41 55 38 36 28 32 37 38 32 33 31
103 78 96 75 61 76 64 68 83 45 51 66 42 61 46 42 42 60 64 71 57 73 40 36 57 64 74 62 30 27 35 47 70 48 45 20 24 33 42 40 16 19 25 42 8 22 0 13 32 10 28 29 37 32 29 32 16 31 39 38 31 35 22 32 39 43 52 47 57 23 21 35 58 56 32 28 25 24 30 29 35
114 69 107 86 58 87 75 59 94 54 48 77 53 72 57 49 53 51 55 82 48 84 51 47 48 75 85 73 41 38 30 58 81 39 56 23 17 24 53 51 21 30 16 53 19 33 13 0 43 11 17 18 48 43 18 21 27 20 50 49 42 24 15 21 28 32 63 58 68 20 24 24 69 67 43 39 34 33 41 40 46
77 110 70 61 93 54 66 100 57 77 83 50 74 51 66 74 68 92 96 45 89 47 50 54 89 38 48 36 52 55 67 33 44 80 27 52 56 65 16 18 48 33 57 16 32 12 32 43 0 34 52 53 7 2 53 56 24 55 9 8 15 59 46 56 63 67 22 17 27 47 45 59 28 26 32 36 41 42 36 37 35
111 78 104 83 61 84 72 68 91 51 51 74 50 69 54 48 50 60 64 79 57 81 48 44 57 72 82 70 38 35 35 55 78 48 53 24 24 33 50 48 22 27 25 50 16 30 10 11 34 0 20 21 39 34 21 24 18 23 41 40 33 27 14 24 31 35 54 49 59 15 19 27 60 58 34 30 25 24 32 31 37
129 58 122 101 69 102 90 56 109 69 61 92 68 87 72 64 68 46 44 97 37 99 66 62 37 90 100 88 56 53 41 73 96 28 71 38 28 21 68 66 36 45 13 68 34 48 28 17 52 20 0 1 57 52 3 6 36 9 59 58 51 9 20 12 13 17 72 67 77 29 33 19 78 76 52 48 43 42 50 49 55
130 57 123 102 70 103 91 55 110 70 62 93 69 88 73 65 69 45 43 98 36 100 67 63 36 91 101 89 57 54 42 74 97 27 72 39 29 20 69 67 37 46 14 69 35 49 29 18 53 21 1 0 58 53 2 5 37 8 60 59 52 8 21 13 12 16 73 68 78 30 34 20 79 77 53 49 44 43 51 50 56
74 115 67 66 98 59 71 105 54 82 88 55 79 56 71 79 73 97 101 42 94 44 55 59 94 35 45 33 57 60 72 38 41 85 32 57 61 70 19 23 53 38 62 13 37 17 37 48 7 39 57 58 0 7 58 61 29 60 10 11 20 64 51 61 68 72 17 14 22 52 50 64 23 21 37 41 46 47 41 42 40
79 110 72 61 93 56 66 100 59 77 83 50 74 51 66 74 68 92 96 47 89 49 50 54 89 40 50 38 52 55 67 33 46 80 29 52 56 65 18 20 48 33 57 18 32 12 32 43 2 34 52 53 7 0 53 56 24 55 7 6 15 59 46 56 63 67 20 15 25 47 45 59 26 24 32 36 41 42 36 37 35
130 59 123 102 70 103 91 57 110 70 62 93 69 88 73 65 69 47 45 98 38 100 67 63 38 91 101 89 57 54 42 74 97 29 72 39 29 22 69 67 37 46 14 69 35 49 29 18 53 21 3 2 58 53 0 3 37 6 60 59 52 6 21 11 10 14 73 68 78 30 34 20 79 77 53 49 44 43 51 50 56
133 58 126 105 73 106 94 58 113 73 65 96 72 91 76 68 72 48 44 101 37 103 70 66 37 94 104 92 60 57 45 77 100 28 75 42 32 23 72 70 40 49 17 72 38 52 32 21 56 24 6 5 61 56 3 0 38 7 61 60 53 7 22 12 9 13 74 69 79 31 35 21 80 78 54 50 45 44 52 51 57
101 94 94 73 77 74 62 84 81 61 67 64 58 59 52 58 52 76 80 69 73 71 38 40 73 62 72 60 38 39 51 45 68 64 43 36 40 49 40 38 32 21 41 40 16 20 16 27 24 18 36 37 29 24 37 38 0 33 25 24 17 37 24 34 41 45 38 33 43 25 23 37 44 42 18 18 19 20 18 19 21
132 63 125 104 72 105 93 59 112 72 64 95 71 90 75 67 71 51 49 100 42 102 69 65 42 93 103 91 59 56 44 76 99 33 74 41 31 24 71 69 39 48 16 71 37 51 31 20 55 23 9 8 60 55 6 7 33 0 56 55 48 6 17 9 10 14 69 64 74 26 30 16 75 73 49 45 40 39 47 46 52
82 117 75 68 100 61 73 107 62 84 90 57 81 58 73 81 75 99 103 50 96 52 57 61 96 43 53 41 59 62 74 40 49 87 34 59 63 72 21 25 55 40 64 21 39 19 39 50 9 41 59 60 10 7 60 61 25 56 0 3 12 56 43 53 60 64 13 10 18 44 42 56 19 17 29 33 38 39 33 34 32
83 116 76 67 99 60 72 106 63 83 89 56 80 57 72 80 74 98 102 51 95 53 56 60 95 44 54 42 58 61 73 39 50 86 33 58 62 71 22 24 54 39 63 22 38 18 38 49 8 40 58 59 11 6 59 60 24 55 3 0 9 53 40 50 57 61 16 11 21 41 39 53 22 20 26 30 35 36 30 31 29
92 109 85 64 92 65 65 99 72 76 82 55 73 54 65 73 67 91 95 60 88 62 49 53 88 53 63 51 51 54 66 36 59 79 34 51 55 64 31 29 47 32 56 31 31 15 31 42 15 33 51 52 20 15 52 53 17 48 12 9 0 46 33 43 50 54 23 18 28 34 32 46 29 27 19 23 28 29 23 24 22
136 63 129 108 76 109 97 61 116 76 68 99 75 94 79 71 75 51 49 104 42 106 73 69 42 97 107 95 63 60 48 80 103 33 78 45 35 26 75 73 43 52 20 75 41 55 35 24 59 27 9 8 64 59 6 7 37 6 56 53 46 0 15 5 6 10 67 62 72 24 28 14 73 71 47 43 38 37 45 44 50
123 78 116 95 67 96 84 68 103 63 57 86 62 81 66 58 62 60 64 91 57 93 60 56 57 84 94 82 50 47 39 67 90 48 65 32 26 33 62 60 30 39 25 62 28 42 22 15 46 14 20 21 51 46 21 22 24 17 43 40 33 15 0 12 19 23 54 49 59 11 15 15 60 58 34 30 25 24 32 31 37
133 68 126 105 73 106 94 60 113 73 65 96 72 91 76 68 72 52 54 101 47 103 70 66 47 94 104 92 60 57 45 77 100 38 75 42 32 25 72 70 40 49 17 72 38 52 32 21 56 24 12 13 61 56 11 12 34 9 53 50 43 5 12 0 9 13 62 57 67 19 23 9 68 66 42 38 33 32 40 39 45
140 65 133 112 80 113 101 65 120 80 72 103 79 98 83 75 79 55 51 108 44 110 77 73 44 101 111 99 67 64 52 84 107 35 82 49 39 30 79 77 47 56 24 79 45 59 39 28 63 31 13 12 68 63 10 9 41 10 60 57 50 6 19 9 0 4 67 62 72 24 28 14 73 71 47 43 38 37 45 44 50
144 69 137 116 84 117 105 69 124 84 76 107 83 102 87 79 83 59 55 112 48 114 81 77 46 105 115 103 71 68 56 88 111 39 86 53 43 34 83 81 51 60 28 83 49 63 43 32 67 35 17 16 72 67 14 13 45 14 64 61 54 10 23 13 4 0 69 64 74 26 30 16 75 73 49 45 40 39 47 46 52
77 130 70 81 113 74 86 120 63 97 103 70 94 71 86 94 88 112 116 47 109 47 70 74 109 44 48 44 72 75 87 53 44 100 47 72 76 85 34 38 68 53 77 22 52 32 52 63 22 54 72 73 17 20 73 74 38 69 13 16 23 67 54 62 67 69 0 7 7 49 47 61 12 12 34 38 43 44 38 39 37
82 125 75 76 108 69 81 115 62 92 98 65 89 66 81 89 83 107 111 50 104 52 65 69 104 43 53 41 67 70 82 48 49 95 42 67 71 80 29 33 63 48 72 21 47 27 47 58 17 49 67 68 14 15 68 69 33 64 10 11 18 62 49 57 62 64 7 0 12 44 42 56 11 9 29 33 38 39 33 34 32
76 135 69 86 118 79 91 125 68 102 108 75 99 76 91 99 93 117 121 48 114 46 75 79 114 49 47 49 77 80 92 58 43 105 52 77 81 90 39 43 73 58 82 23 57 37 57 68 27 59 77 78 22 25 78 79 43 74 18 21 28 72 59 67 72 74 7 12 0 50 48 62 9 11 35 39 44 45 39 40 38
124 87 117 96 70 97 85 77 104 64 60 87 63 82 67 59 63 69 73 92 66 94 61 57 66 85 95 83 51 48 44 68 91 57 66 33 33 42 63 61 31 40 34 63 29 43 23 20 47 15 29 30 52 47 30 31 25 26 44 41 34 24 11 19 24 26 49 44 50 0 4 14 49 47 23 19 14 13 21 20 26
122 91 115 94 74 95 83 81 102 62 64 85 61 80 65 59 61 73 77 90 70 92 59 55 70 83 93 81 49 46 48 66 89 61 64 37 37 46 61 59 33 38 38 61 27 41 21 24 45 19 33 34 50 45 34 35 23 30 42 39 32 28 15 23 28 30 47 42 48 4 0 16 47 45 21 17 12 11 19 18 24
136 77 129 108 76 109 97 67 116 76 68 99 75 94 79 71 75 59 63 104 56 106 73 69 56 97 107 95 63 60 48 80 103 47 78 45 35 32 75 73 43 52 24 75 41 55 35 24 59 27 19 20 64 59 20 21 37 16 56 53 46 14 15 9 14 16 61 56 62 14 16 0 61 59 35 31 26 25 33 32 38
83 136 76 87 119 80 92 126 69 103 109 76 100 77 92 100 94 118 122 53 115 53 76 80 115 50 54 50 78 81 93 59 50 106 53 78 82 91 40 44 74 59 83 28 58 38 58 69 28 60 78 79 23 26 79 80 44 75 19 22 29 73 60 68 73 75 12 11 9 49 47 61 0 4 28 32 37 38 32 33 31
85 134 78 85 117 78 90 124 67 101 107 74 98 75 90 98 92 116 120 55 113 55 74 78 113 48 56 48 76 79 91 57 52 104 51 76 80 89 38 42 72 57 81 26 56 36 56 67 26 58 76 77 21 24 77 78 42 73 17 20 27 71 58 66 71 73 12 9 11 47 45 59 4 0 26 30 35 36 30 31 27
109 110 102 81 93 82 72 100 89 77 83 72 74 67 66 74 68 92 96 77 89 79 50 54 89 70 80 68 52 55 67 53 76 80 51 52 56 65 48 46 48 33 57 48 32 28 32 43 32 34 52 53 37 32 53 54 18 49 29 26 19 47 34 42 47 49 34 29 35 23 21 35 28 26 0 6 11 12 4 5 5
113 106 106 85 89 86 74 96 93 73 79 76 70 71 64 70 64 88 92 81 85 83 50 52 85 74 84 72 50 51 63 57 80 76 55 48 52 61 52 50 44 33 53 52 28 32 28 39 36 30 48 49 41 36 49 50 18 45 33 30 23 43 30 38 43 45 38 33 39 19 17 31 32 30 6 0 7 8 2 1 7
118 101 111 90 84 91 79 91 98 68 74 81 65 76 63 65 61 83 87 86 80 88 55 51 80 79 89 77 47 48 58 62 85 71 60 43 47 56 57 55 39 34 48 57 25 37 25 34 41 25 43 44 46 41 44 45 19 40 38 35 28 38 25 33 38 40 43 38 44 14 12 26 37 35 11 7 0 1 9 8 12
119 100 112 91 83 92 80 90 99 67 73 82 64 77 64 64 62 82 86 87 79 89 56 52 79 80 90 78 48 49 57 63 86 70 61 42 46 55 58 56 38 35 47 58 26 38 24 33 42 24 42 43 47 42 43 44 20 39 39 36 29 37 24 32 37 39 44 39 45 13 11 25 38 36 12 8 1 0 10 9 13
113 108 106 85 91 86 74 98 93 75 81 76 72 71 66 72 66 90 94 81 87 83 50 54 87 74 84 72 52 53 65 57 80 78 55 50 54 63 52 50 46 33 55 52 30 32 30 41 36 32 50 51 41 36 51 52 18 47 33 30 23 45 32 40 45 47 38 33 39 21 19 33 32 30 4 2 9 10 0 1 5
114 107 107 86 90 87 75 97 94 74 80 77 71 72 65 71 65 89 93 82 86 84 51 53 86 75 85 73 51 52 64 58 81 77 56 49 53 62 53 51 45 34 54 53 29 33 29 40 37 31 49 50 42 37 50 51 19 46 34 31 24 44 31 39 44 46 39 34 40 20 18 32 33 31 5 1 8 9 1 0 6
112 113 105 84 96 85 75 103 92 80 86 75 77 70 69 77 71 95 99 80 92 82 53 57 92 73 83 71 55 58 70 56 79 83 54 55 59 68 51 49 51 36 60 51 35 31 35 46 35 37 55 56 40 35 56 57 21 52 32 29 22 50 37 45 50 52 37 32 38 26 24 38 31 27 5 7 12 13 5 6 0
0 9 1 6 1 7 10 3 3 9 10 4 10 7 10 3 1 8 5 4 5 8 8 10 9 4 2 2 4 3 4 8 2 9 2 4 4 10 7 8 6 6 10 4 6 2 6 2 4 2 4 7 7 8 6 9 2 9 6 10 1 6 1 5 7 8 6 5 5 3 4 1 10 3 10 1 2 8 10 4 3
34 0 0 0 0 0 0 0 0 0 0 0 0 0 0 0 0 0 0 0 0 0 0 0 0 0 0 0 0 0 0 0 0 0 0 0 0 0 0 0 0 0 0 0 0 0 0 0 0 0 0 0 0 0 0 0 0 0 0 0 0 0 0 0 0 0 0 0 0 0 0 0 0 0 0 0 0 0 0 0 0
